light:4,0.133785620332;7,0.133785620332;8,0.133785620332;9,0.133785620332;14,0.133785620332;20,0.133785620332;21,0.133785620332;22,0.133785620332;24,0.133785620332;26,0.133785620332;27,0.133785620332;28,0.133785620332;29,0.133785620332;30,0.133785620332;31,0.133785620332;32,0.133785620332;1,0.0802713781595;2,0.0802713781595;15,0.0802713781595;17,0.0267571303993;16,-0.0267571229488;18,-0.0267571229488;12,-0.0802713781595;13,-0.0802713781595;23,-0.0802713781595;3,-0.133785620332;5,-0.133785620332;6,-0.133785620332;10,-0.133785620332;11,-0.133785620332;19,-0.133785620332;25,-0.133785620332
tall:4,0.0415087528527;5,0.0415087528527;7,0.0415087528527;8,0.0415087528527;14,0.0415087528527;20,0.0415087528527;21,0.0415087528527;22,0.0415087528527;24,0.0415087528527;29,0.0415087528527;30,0.0415087528527;31,0.0415087528527;32,0.0415087528527;9,0.0249052532017;27,0.00830175261945;6,-0.00830174982548;13,-0.00830174982548;2,-0.0249052532017;16,-0.0249052532017;1,-0.0415087528527;3,-0.0415087528527;10,-0.0415087528527;11,-0.0415087528527;12,-0.0415087528527;15,-0.0415087528527;17,-0.0415087528527;18,-0.0415087528527;19,-0.0415087528527;23,-0.0415087528527;25,-0.0415087528527;26,-0.0415087528527;28,-0.0415087528527
white:1,-0.0;2,-0.0;3,-0.0;4,-0.0;5,-0.0;6,-0.0;7,-0.0;8,-0.0;9,-0.0;10,-0.0;11,-0.0;12,-0.0;13,-0.0;14,-0.0;15,-0.0;16,-0.0;17,-0.0;18,-0.0;19,-0.0;20,-0.0;21,-0.0;22,-0.0;23,-0.0;24,-0.0;25,-0.0;26,-0.0;27,-0.0;28,-0.0;29,-0.0;30,-0.0;31,-0.0;32,-0.0
clear:1,-0.0;2,-0.0;3,-0.0;4,-0.0;5,-0.0;6,-0.0;7,-0.0;8,-0.0;9,-0.0;10,-0.0;11,-0.0;12,-0.0;13,-0.0;14,-0.0;15,-0.0;16,-0.0;17,-0.0;18,-0.0;19,-0.0;20,-0.0;21,-0.0;22,-0.0;23,-0.0;24,-0.0;25,-0.0;26,-0.0;27,-0.0;28,-0.0;29,-0.0;30,-0.0;31,-0.0;32,-0.0
container:1,1.0;2,1.0;3,1.0;4,1.0;5,1.0;6,1.0;7,1.0;8,1.0;9,1.0;10,1.0;11,1.0;12,1.0;13,1.0;14,1.0;15,1.0;16,1.0;17,1.0;18,1.0;19,1.0;20,1.0;21,1.0;22,1.0;23,1.0;24,1.0;25,1.0;26,1.0;27,1.0;28,1.0;29,1.0;30,1.0;31,1.0;32,1.0
gray:1,-0.0;2,-0.0;3,-0.0;4,-0.0;5,-0.0;6,-0.0;7,-0.0;8,-0.0;9,-0.0;10,-0.0;11,-0.0;12,-0.0;13,-0.0;14,-0.0;15,-0.0;16,-0.0;17,-0.0;18,-0.0;19,-0.0;20,-0.0;21,-0.0;22,-0.0;23,-0.0;24,-0.0;25,-0.0;26,-0.0;27,-0.0;28,-0.0;29,-0.0;30,-0.0;31,-0.0;32,-0.0
cap:1,1.0;2,1.0;3,1.0;4,1.0;5,1.0;6,1.0;7,1.0;8,1.0;9,1.0;10,1.0;11,1.0;12,1.0;13,1.0;14,1.0;15,1.0;16,1.0;17,1.0;18,1.0;19,1.0;20,1.0;21,1.0;22,1.0;23,1.0;24,1.0;25,1.0;26,1.0;27,1.0;28,1.0;29,1.0;30,1.0;31,1.0;32,1.0
black:1,-0.0;2,-0.0;3,-0.0;4,-0.0;5,-0.0;6,-0.0;7,-0.0;8,-0.0;9,-0.0;10,-0.0;11,-0.0;12,-0.0;13,-0.0;14,-0.0;15,-0.0;16,-0.0;17,-0.0;18,-0.0;19,-0.0;20,-0.0;21,-0.0;22,-0.0;23,-0.0;24,-0.0;25,-0.0;26,-0.0;27,-0.0;28,-0.0;29,-0.0;30,-0.0;31,-0.0;32,-0.0
circles:1,1.0;2,1.0;3,1.0;4,1.0;5,1.0;6,1.0;7,1.0;8,1.0;9,1.0;10,1.0;11,1.0;12,1.0;13,1.0;14,1.0;15,1.0;16,1.0;17,1.0;18,1.0;19,1.0;20,1.0;21,1.0;22,1.0;23,1.0;24,1.0;25,1.0;26,1.0;27,1.0;28,1.0;29,1.0;30,1.0;31,1.0;32,1.0
yellow:5,0.0134228188545;6,0.0134228188545;12,0.0134228188545;14,0.0134228188545;20,0.0134228188545;24,0.0134228188545;25,0.0134228188545;32,0.0134228188545;15,-0.00805369205773;1,-0.0134228188545;2,-0.0134228188545;3,-0.0134228188545;4,-0.0134228188545;7,-0.0134228188545;8,-0.0134228188545;9,-0.0134228188545;10,-0.0134228188545;11,-0.0134228188545;13,-0.0134228188545;16,-0.0134228188545;17,-0.0134228188545;18,-0.0134228188545;19,-0.0134228188545;21,-0.0134228188545;22,-0.0134228188545;23,-0.0134228188545;26,-0.0134228188545;27,-0.0134228188545;28,-0.0134228188545;29,-0.0134228188545;30,-0.0134228188545;31,-0.0134228188545
spiky:1,-0.0;2,-0.0;3,-0.0;4,-0.0;5,-0.0;6,-0.0;7,-0.0;8,-0.0;9,-0.0;10,-0.0;11,-0.0;12,-0.0;13,-0.0;14,-0.0;15,-0.0;16,-0.0;17,-0.0;18,-0.0;19,-0.0;20,-0.0;21,-0.0;22,-0.0;23,-0.0;24,-0.0;25,-0.0;26,-0.0;27,-0.0;28,-0.0;29,-0.0;30,-0.0;31,-0.0;32,-0.0
thing:1,-0.0;2,-0.0;3,-0.0;4,-0.0;5,-0.0;6,-0.0;7,-0.0;8,-0.0;9,-0.0;10,-0.0;11,-0.0;12,-0.0;13,-0.0;14,-0.0;15,-0.0;16,-0.0;17,-0.0;18,-0.0;19,-0.0;20,-0.0;21,-0.0;22,-0.0;23,-0.0;24,-0.0;25,-0.0;26,-0.0;27,-0.0;28,-0.0;29,-0.0;30,-0.0;31,-0.0;32,-0.0
orange:1,-0.0;2,-0.0;3,-0.0;4,-0.0;5,-0.0;6,-0.0;7,-0.0;8,-0.0;9,-0.0;10,-0.0;11,-0.0;12,-0.0;13,-0.0;14,-0.0;15,-0.0;16,-0.0;17,-0.0;18,-0.0;19,-0.0;20,-0.0;21,-0.0;22,-0.0;23,-0.0;24,-0.0;25,-0.0;26,-0.0;27,-0.0;28,-0.0;29,-0.0;30,-0.0;31,-0.0;32,-0.0
half-full:1,1.0;2,1.0;3,1.0;4,1.0;5,1.0;6,1.0;7,1.0;8,1.0;9,1.0;10,1.0;11,1.0;12,1.0;13,1.0;14,1.0;15,1.0;16,1.0;17,1.0;18,1.0;19,1.0;20,1.0;21,1.0;22,1.0;23,1.0;24,1.0;25,1.0;26,1.0;27,1.0;28,1.0;29,1.0;30,1.0;31,1.0;32,1.0
round:1,0.023809524253;9,0.023809524253;10,0.023809524253;17,0.023809524253;22,0.023809524253;26,0.023809524253;27,0.023809524253;30,0.023809524253;32,0.023809524253;3,0.0142857152969;23,0.0142857152969;11,0.00476190587506;29,0.00476190587506;7,-0.00476190447807;13,-0.00476190447807;2,-0.023809524253;4,-0.023809524253;5,-0.023809524253;6,-0.023809524253;8,-0.023809524253;12,-0.023809524253;14,-0.023809524253;15,-0.023809524253;16,-0.023809524253;18,-0.023809524253;19,-0.023809524253;20,-0.023809524253;21,-0.023809524253;24,-0.023809524253;25,-0.023809524253;28,-0.023809524253;31,-0.023809524253
empty:1,-0.0;2,-0.0;3,-0.0;4,-0.0;5,-0.0;6,-0.0;7,-0.0;8,-0.0;9,-0.0;10,-0.0;11,-0.0;12,-0.0;13,-0.0;14,-0.0;15,-0.0;16,-0.0;17,-0.0;18,-0.0;19,-0.0;20,-0.0;21,-0.0;22,-0.0;23,-0.0;24,-0.0;25,-0.0;26,-0.0;27,-0.0;28,-0.0;29,-0.0;30,-0.0;31,-0.0;32,-0.0
metallic:1,-1.0;2,-1.0;3,-1.0;4,-1.0;5,-1.0;6,-1.0;7,-1.0;8,-1.0;9,-1.0;10,-1.0;11,-1.0;12,-1.0;13,-1.0;14,-1.0;15,-1.0;16,-1.0;17,-1.0;18,-1.0;19,-1.0;20,-1.0;21,-1.0;22,-1.0;23,-1.0;24,-1.0;25,-1.0;26,-1.0;27,-1.0;28,-1.0;29,-1.0;30,-1.0;31,-1.0;32,-1.0
aluminum:1,-1.0;2,-1.0;3,-1.0;4,-1.0;5,-1.0;6,-1.0;7,-1.0;8,-1.0;9,-1.0;10,-1.0;11,-1.0;12,-1.0;13,-1.0;14,-1.0;15,-1.0;16,-1.0;17,-1.0;18,-1.0;19,-1.0;20,-1.0;21,-1.0;22,-1.0;23,-1.0;24,-1.0;25,-1.0;26,-1.0;27,-1.0;28,-1.0;29,-1.0;30,-1.0;31,-1.0;32,-1.0
heavy:2,0.00936768110842;4,0.00936768110842;6,0.00936768110842;8,0.00936768110842;9,0.00936768110842;11,0.00936768110842;13,0.00936768110842;14,0.00936768110842;16,0.00936768110842;17,0.00936768110842;18,0.00936768110842;19,0.00936768110842;21,0.00936768110842;22,0.00936768110842;23,0.00936768110842;24,0.00936768110842;25,0.00936768110842;29,0.00936768110842;30,0.00936768110842;31,0.00936768110842;20,0.00562060903758;5,0.0018735366175;10,0.0018735366175;27,-0.00187353615183;1,-0.00936768110842;3,-0.00936768110842;7,-0.00936768110842;12,-0.00936768110842;15,-0.00936768110842;26,-0.00936768110842;28,-0.00936768110842;32,-0.00936768110842
blue:1,-0.0;2,-0.0;3,-0.0;4,-0.0;5,-0.0;6,-0.0;7,-0.0;8,-0.0;9,-0.0;10,-0.0;11,-0.0;12,-0.0;13,-0.0;14,-0.0;15,-0.0;16,-0.0;17,-0.0;18,-0.0;19,-0.0;20,-0.0;21,-0.0;22,-0.0;23,-0.0;24,-0.0;25,-0.0;26,-0.0;27,-0.0;28,-0.0;29,-0.0;30,-0.0;31,-0.0;32,-0.0
object:1,1.0;2,1.0;3,1.0;4,1.0;5,1.0;6,1.0;7,1.0;8,1.0;9,1.0;10,1.0;11,1.0;12,1.0;13,1.0;14,1.0;15,1.0;16,1.0;17,1.0;18,1.0;19,1.0;20,1.0;21,1.0;22,1.0;23,1.0;24,1.0;25,1.0;26,1.0;27,1.0;28,1.0;29,1.0;30,1.0;31,1.0;32,1.0
narrow:1,-0.0;2,-0.0;3,-0.0;4,-0.0;5,-0.0;6,-0.0;7,-0.0;8,-0.0;9,-0.0;10,-0.0;11,-0.0;12,-0.0;13,-0.0;14,-0.0;15,-0.0;16,-0.0;17,-0.0;18,-0.0;19,-0.0;20,-0.0;21,-0.0;22,-0.0;23,-0.0;24,-0.0;25,-0.0;26,-0.0;27,-0.0;28,-0.0;29,-0.0;30,-0.0;31,-0.0;32,-0.0
wide:1,1.0;2,1.0;3,1.0;4,1.0;5,1.0;6,1.0;7,1.0;8,1.0;9,1.0;10,1.0;11,1.0;12,1.0;13,1.0;14,1.0;15,1.0;16,1.0;17,1.0;18,1.0;19,1.0;20,1.0;21,1.0;22,1.0;23,1.0;24,1.0;25,1.0;26,1.0;27,1.0;28,1.0;29,1.0;30,1.0;31,1.0;32,1.0
cylinder:1,-0.0;2,-0.0;3,-0.0;4,-0.0;5,-0.0;6,-0.0;7,-0.0;8,-0.0;9,-0.0;10,-0.0;11,-0.0;12,-0.0;13,-0.0;14,-0.0;15,-0.0;16,-0.0;17,-0.0;18,-0.0;19,-0.0;20,-0.0;21,-0.0;22,-0.0;23,-0.0;24,-0.0;25,-0.0;26,-0.0;27,-0.0;28,-0.0;29,-0.0;30,-0.0;31,-0.0;32,-0.0
brown:1,-0.0;2,-0.0;3,-0.0;4,-0.0;5,-0.0;6,-0.0;7,-0.0;8,-0.0;9,-0.0;10,-0.0;11,-0.0;12,-0.0;13,-0.0;14,-0.0;15,-0.0;16,-0.0;17,-0.0;18,-0.0;19,-0.0;20,-0.0;21,-0.0;22,-0.0;23,-0.0;24,-0.0;25,-0.0;26,-0.0;27,-0.0;28,-0.0;29,-0.0;30,-0.0;31,-0.0;32,-0.0
rectangle:1,-1.0;2,-1.0;3,-1.0;4,-1.0;5,-1.0;6,-1.0;7,-1.0;8,-1.0;9,-1.0;10,-1.0;11,-1.0;12,-1.0;13,-1.0;14,-1.0;15,-1.0;16,-1.0;17,-1.0;18,-1.0;19,-1.0;20,-1.0;21,-1.0;22,-1.0;23,-1.0;24,-1.0;25,-1.0;26,-1.0;27,-1.0;28,-1.0;29,-1.0;30,-1.0;31,-1.0;32,-1.0
fat:1,-0.0;2,-0.0;3,-0.0;4,-0.0;5,-0.0;6,-0.0;7,-0.0;8,-0.0;9,-0.0;10,-0.0;11,-0.0;12,-0.0;13,-0.0;14,-0.0;15,-0.0;16,-0.0;17,-0.0;18,-0.0;19,-0.0;20,-0.0;21,-0.0;22,-0.0;23,-0.0;24,-0.0;25,-0.0;26,-0.0;27,-0.0;28,-0.0;29,-0.0;30,-0.0;31,-0.0;32,-0.0
tub:1,-0.0;2,-0.0;3,-0.0;4,-0.0;5,-0.0;6,-0.0;7,-0.0;8,-0.0;9,-0.0;10,-0.0;11,-0.0;12,-0.0;13,-0.0;14,-0.0;15,-0.0;16,-0.0;17,-0.0;18,-0.0;19,-0.0;20,-0.0;21,-0.0;22,-0.0;23,-0.0;24,-0.0;25,-0.0;26,-0.0;27,-0.0;28,-0.0;29,-0.0;30,-0.0;31,-0.0;32,-0.0
red:1,0.105189338326;2,0.105189338326;4,0.105189338326;7,0.105189338326;8,0.105189338326;10,0.105189338326;11,0.105189338326;13,0.105189338326;14,0.105189338326;16,0.105189338326;17,0.105189338326;18,0.105189338326;19,0.105189338326;20,0.105189338326;21,0.105189338326;22,0.105189338326;23,0.105189338326;25,0.105189338326;26,0.105189338326;27,0.105189338326;29,0.105189338326;30,0.105189338326;31,0.105189338326;9,0.0631136074662;6,0.0210378728807;24,-0.0631136074662;28,-0.0631136074662;3,-0.105189338326;5,-0.105189338326;12,-0.105189338326;15,-0.105189338326;32,-0.105189338326
bright:3,0.150326803327;5,0.150326803327;6,0.150326803327;8,0.150326803327;10,0.150326803327;11,0.150326803327;12,0.150326803327;13,0.150326803327;14,0.150326803327;15,0.150326803327;17,0.150326803327;19,0.150326803327;20,0.150326803327;21,0.150326803327;25,0.150326803327;31,0.150326803327;18,0.0901960879564;23,0.0901960879564;24,0.0901960879564;28,0.0300653669983;16,-0.0300653595477;1,-0.0901960879564;27,-0.0901960879564;30,-0.0901960879564;32,-0.0901960879564;2,-0.150326803327;4,-0.150326803327;7,-0.150326803327;9,-0.150326803327;22,-0.150326803327;26,-0.150326803327;29,-0.150326803327
pineapple:1,-1.0;2,-1.0;3,-1.0;4,-1.0;5,-1.0;6,-1.0;7,-1.0;8,-1.0;9,-1.0;10,-1.0;11,-1.0;12,-1.0;13,-1.0;14,-1.0;15,-1.0;16,-1.0;17,-1.0;18,-1.0;19,-1.0;20,-1.0;21,-1.0;22,-1.0;23,-1.0;24,-1.0;25,-1.0;26,-1.0;27,-1.0;28,-1.0;29,-1.0;30,-1.0;31,-1.0;32,-1.0
cylindrical:1,-0.0;2,-0.0;3,-0.0;4,-0.0;5,-0.0;6,-0.0;7,-0.0;8,-0.0;9,-0.0;10,-0.0;11,-0.0;12,-0.0;13,-0.0;14,-0.0;15,-0.0;16,-0.0;17,-0.0;18,-0.0;19,-0.0;20,-0.0;21,-0.0;22,-0.0;23,-0.0;24,-0.0;25,-0.0;26,-0.0;27,-0.0;28,-0.0;29,-0.0;30,-0.0;31,-0.0;32,-0.0
rectangular:1,-0.0;2,-0.0;3,-0.0;4,-0.0;5,-0.0;6,-0.0;7,-0.0;8,-0.0;9,-0.0;10,-0.0;11,-0.0;12,-0.0;13,-0.0;14,-0.0;15,-0.0;16,-0.0;17,-0.0;18,-0.0;19,-0.0;20,-0.0;21,-0.0;22,-0.0;23,-0.0;24,-0.0;25,-0.0;26,-0.0;27,-0.0;28,-0.0;29,-0.0;30,-0.0;31,-0.0;32,-0.0
circular:1,0.280000001192;2,0.280000001192;3,0.280000001192;7,0.280000001192;9,0.280000001192;10,0.280000001192;11,0.280000001192;13,0.280000001192;15,0.280000001192;16,0.280000001192;17,0.280000001192;18,0.280000001192;19,0.280000001192;21,0.280000001192;22,0.280000001192;23,0.280000001192;25,0.280000001192;26,0.280000001192;27,0.280000001192;28,0.280000001192;29,0.280000001192;30,0.280000001192;31,0.280000001192;8,0.0560000129044;4,-0.280000001192;5,-0.280000001192;6,-0.280000001192;12,-0.280000001192;14,-0.280000001192;20,-0.280000001192;24,-0.280000001192;32,-0.280000001192
water:1,-0.0;2,-0.0;3,-0.0;4,-0.0;5,-0.0;6,-0.0;7,-0.0;8,-0.0;9,-0.0;10,-0.0;11,-0.0;12,-0.0;13,-0.0;14,-0.0;15,-0.0;16,-0.0;17,-0.0;18,-0.0;19,-0.0;20,-0.0;21,-0.0;22,-0.0;23,-0.0;24,-0.0;25,-0.0;26,-0.0;27,-0.0;28,-0.0;29,-0.0;30,-0.0;31,-0.0;32,-0.0
bottle:1,-0.0;2,-0.0;3,-0.0;4,-0.0;5,-0.0;6,-0.0;7,-0.0;8,-0.0;9,-0.0;10,-0.0;11,-0.0;12,-0.0;13,-0.0;14,-0.0;15,-0.0;16,-0.0;17,-0.0;18,-0.0;19,-0.0;20,-0.0;21,-0.0;22,-0.0;23,-0.0;24,-0.0;25,-0.0;26,-0.0;27,-0.0;28,-0.0;29,-0.0;30,-0.0;31,-0.0;32,-0.0
coffee:1,-1.0;2,-1.0;3,-1.0;4,-1.0;5,-1.0;6,-1.0;7,-1.0;8,-1.0;9,-1.0;10,-1.0;11,-1.0;12,-1.0;13,-1.0;14,-1.0;15,-1.0;16,-1.0;17,-1.0;18,-1.0;19,-1.0;20,-1.0;21,-1.0;22,-1.0;23,-1.0;24,-1.0;25,-1.0;26,-1.0;27,-1.0;28,-1.0;29,-1.0;30,-1.0;31,-1.0;32,-1.0
can:1,-0.0;2,-0.0;3,-0.0;4,-0.0;5,-0.0;6,-0.0;7,-0.0;8,-0.0;9,-0.0;10,-0.0;11,-0.0;12,-0.0;13,-0.0;14,-0.0;15,-0.0;16,-0.0;17,-0.0;18,-0.0;19,-0.0;20,-0.0;21,-0.0;22,-0.0;23,-0.0;24,-0.0;25,-0.0;26,-0.0;27,-0.0;28,-0.0;29,-0.0;30,-0.0;31,-0.0;32,-0.0
styrofoam:1,-1.0;2,-1.0;3,-1.0;4,-1.0;5,-1.0;6,-1.0;7,-1.0;8,-1.0;9,-1.0;10,-1.0;11,-1.0;12,-1.0;13,-1.0;14,-1.0;15,-1.0;16,-1.0;17,-1.0;18,-1.0;19,-1.0;20,-1.0;21,-1.0;22,-1.0;23,-1.0;24,-1.0;25,-1.0;26,-1.0;27,-1.0;28,-1.0;29,-1.0;30,-1.0;31,-1.0;32,-1.0
rough:1,-1.0;2,-1.0;3,-1.0;4,-1.0;5,-1.0;6,-1.0;7,-1.0;8,-1.0;9,-1.0;10,-1.0;11,-1.0;12,-1.0;13,-1.0;14,-1.0;15,-1.0;16,-1.0;17,-1.0;18,-1.0;19,-1.0;20,-1.0;21,-1.0;22,-1.0;23,-1.0;24,-1.0;25,-1.0;26,-1.0;27,-1.0;28,-1.0;29,-1.0;30,-1.0;31,-1.0;32,-1.0
cannister:1,1.0;2,1.0;3,1.0;4,1.0;5,1.0;6,1.0;7,1.0;8,1.0;9,1.0;10,1.0;11,1.0;12,1.0;13,1.0;14,1.0;15,1.0;16,1.0;17,1.0;18,1.0;19,1.0;20,1.0;21,1.0;22,1.0;23,1.0;24,1.0;25,1.0;26,1.0;27,1.0;28,1.0;29,1.0;30,1.0;31,1.0;32,1.0
thin:1,-0.0;2,-0.0;3,-0.0;4,-0.0;5,-0.0;6,-0.0;7,-0.0;8,-0.0;9,-0.0;10,-0.0;11,-0.0;12,-0.0;13,-0.0;14,-0.0;15,-0.0;16,-0.0;17,-0.0;18,-0.0;19,-0.0;20,-0.0;21,-0.0;22,-0.0;23,-0.0;24,-0.0;25,-0.0;26,-0.0;27,-0.0;28,-0.0;29,-0.0;30,-0.0;31,-0.0;32,-0.0
top:1,-0.0;2,-0.0;3,-0.0;4,-0.0;5,-0.0;6,-0.0;7,-0.0;8,-0.0;9,-0.0;10,-0.0;11,-0.0;12,-0.0;13,-0.0;14,-0.0;15,-0.0;16,-0.0;17,-0.0;18,-0.0;19,-0.0;20,-0.0;21,-0.0;22,-0.0;23,-0.0;24,-0.0;25,-0.0;26,-0.0;27,-0.0;28,-0.0;29,-0.0;30,-0.0;31,-0.0;32,-0.0
small:1,0.170731708407;2,0.170731708407;7,0.170731708407;11,0.170731708407;13,0.170731708407;15,0.170731708407;16,0.170731708407;18,0.170731708407;19,0.170731708407;23,0.170731708407;26,0.170731708407;27,0.170731708407;28,0.170731708407;29,0.170731708407;9,0.102439031005;17,-0.0341463387012;24,-0.102439031005;3,-0.170731708407;4,-0.170731708407;5,-0.170731708407;6,-0.170731708407;8,-0.170731708407;10,-0.170731708407;12,-0.170731708407;14,-0.170731708407;20,-0.170731708407;21,-0.170731708407;22,-0.170731708407;25,-0.170731708407;30,-0.170731708407;31,-0.170731708407;32,-0.170731708407
silver:1,-0.0;2,-0.0;3,-0.0;4,-0.0;5,-0.0;6,-0.0;7,-0.0;8,-0.0;9,-0.0;10,-0.0;11,-0.0;12,-0.0;13,-0.0;14,-0.0;15,-0.0;16,-0.0;17,-0.0;18,-0.0;19,-0.0;20,-0.0;21,-0.0;22,-0.0;23,-0.0;24,-0.0;25,-0.0;26,-0.0;27,-0.0;28,-0.0;29,-0.0;30,-0.0;31,-0.0;32,-0.0
green:1,-0.0;2,-0.0;3,-0.0;4,-0.0;5,-0.0;6,-0.0;7,-0.0;8,-0.0;9,-0.0;10,-0.0;11,-0.0;12,-0.0;13,-0.0;14,-0.0;15,-0.0;16,-0.0;17,-0.0;18,-0.0;19,-0.0;20,-0.0;21,-0.0;22,-0.0;23,-0.0;24,-0.0;25,-0.0;26,-0.0;27,-0.0;28,-0.0;29,-0.0;30,-0.0;31,-0.0;32,-0.0
prism:7,-0.333333343267;29,-0.333333343267;2,-0.866666615009;1,-1.0;3,-1.0;4,-1.0;5,-1.0;6,-1.0;8,-1.0;9,-1.0;10,-1.0;11,-1.0;12,-1.0;13,-1.0;14,-1.0;15,-1.0;16,-1.0;17,-1.0;18,-1.0;19,-1.0;20,-1.0;21,-1.0;22,-1.0;23,-1.0;24,-1.0;25,-1.0;26,-1.0;27,-1.0;28,-1.0;30,-1.0;31,-1.0;32,-1.0
short:1,1.0;2,1.0;3,1.0;4,1.0;5,1.0;6,1.0;7,1.0;8,1.0;9,1.0;10,1.0;11,1.0;12,1.0;13,1.0;14,1.0;15,1.0;16,1.0;17,1.0;18,1.0;19,1.0;20,1.0;21,1.0;22,1.0;23,1.0;24,1.0;25,1.0;26,1.0;27,1.0;28,1.0;29,1.0;30,1.0;31,1.0;32,1.0
rattles:4,-0.333333343267;7,-0.333333343267;26,-0.333333343267;29,-0.333333343267;15,-0.466666668653;22,-0.733333349228;2,-0.866666615009;9,-0.866666615009;24,-0.866666615009;27,-0.866666615009;32,-0.866666615009;1,-1.0;3,-1.0;5,-1.0;6,-1.0;8,-1.0;10,-1.0;11,-1.0;12,-1.0;13,-1.0;14,-1.0;16,-1.0;17,-1.0;18,-1.0;19,-1.0;20,-1.0;21,-1.0;23,-1.0;25,-1.0;28,-1.0;30,-1.0;31,-1.0
lid:1,1.0;2,1.0;3,1.0;4,1.0;5,1.0;6,1.0;7,1.0;8,1.0;9,1.0;10,1.0;11,1.0;12,1.0;13,1.0;14,1.0;15,1.0;16,1.0;17,1.0;18,1.0;19,1.0;20,1.0;21,1.0;22,1.0;23,1.0;24,1.0;25,1.0;26,1.0;27,1.0;28,1.0;29,1.0;30,1.0;31,1.0;32,1.0
liquid:1,1.0;2,1.0;3,1.0;4,1.0;5,1.0;6,1.0;7,1.0;8,1.0;9,1.0;10,1.0;11,1.0;12,1.0;13,1.0;14,1.0;15,1.0;16,1.0;17,1.0;18,1.0;19,1.0;20,1.0;21,1.0;22,1.0;23,1.0;24,1.0;25,1.0;26,1.0;27,1.0;28,1.0;29,1.0;30,1.0;31,1.0;32,1.0
colored:2,0.183246076107;5,0.183246076107;6,0.183246076107;8,0.183246076107;10,0.183246076107;11,0.183246076107;12,0.183246076107;13,0.183246076107;14,0.183246076107;15,0.183246076107;16,0.183246076107;17,0.183246076107;18,0.183246076107;19,0.183246076107;20,0.183246076107;21,0.183246076107;23,0.183246076107;24,0.183246076107;25,0.183246076107;28,0.183246076107;31,0.183246076107;3,0.109947651625;30,-0.0366492122412;1,-0.183246076107;4,-0.183246076107;7,-0.183246076107;9,-0.183246076107;22,-0.183246076107;26,-0.183246076107;27,-0.183246076107;29,-0.183246076107;32,-0.183246076107
open:1,-0.0;2,-0.0;3,-0.0;4,-0.0;5,-0.0;6,-0.0;7,-0.0;8,-0.0;9,-0.0;10,-0.0;11,-0.0;12,-0.0;13,-0.0;14,-0.0;15,-0.0;16,-0.0;17,-0.0;18,-0.0;19,-0.0;20,-0.0;21,-0.0;22,-0.0;23,-0.0;24,-0.0;25,-0.0;26,-0.0;27,-0.0;28,-0.0;29,-0.0;30,-0.0;31,-0.0;32,-0.0
pink:1,-0.0;2,-0.0;3,-0.0;4,-0.0;5,-0.0;6,-0.0;7,-0.0;8,-0.0;9,-0.0;10,-0.0;11,-0.0;12,-0.0;13,-0.0;14,-0.0;15,-0.0;16,-0.0;17,-0.0;18,-0.0;19,-0.0;20,-0.0;21,-0.0;22,-0.0;23,-0.0;24,-0.0;25,-0.0;26,-0.0;27,-0.0;28,-0.0;29,-0.0;30,-0.0;31,-0.0;32,-0.0
metal:1,1.0;2,1.0;3,1.0;4,1.0;5,1.0;6,1.0;7,1.0;8,1.0;9,1.0;10,1.0;11,1.0;12,1.0;13,1.0;14,1.0;15,1.0;16,1.0;17,1.0;18,1.0;19,1.0;20,1.0;21,1.0;22,1.0;23,1.0;24,1.0;25,1.0;26,1.0;27,1.0;28,1.0;29,1.0;30,1.0;31,1.0;32,1.0
crayon:1,-0.0;2,-0.0;3,-0.0;4,-0.0;5,-0.0;6,-0.0;7,-0.0;8,-0.0;9,-0.0;10,-0.0;11,-0.0;12,-0.0;13,-0.0;14,-0.0;15,-0.0;16,-0.0;17,-0.0;18,-0.0;19,-0.0;20,-0.0;21,-0.0;22,-0.0;23,-0.0;24,-0.0;25,-0.0;26,-0.0;27,-0.0;28,-0.0;29,-0.0;30,-0.0;31,-0.0;32,-0.0
spraycan:1,-0.0;2,-0.0;3,-0.0;4,-0.0;5,-0.0;6,-0.0;7,-0.0;8,-0.0;9,-0.0;10,-0.0;11,-0.0;12,-0.0;13,-0.0;14,-0.0;15,-0.0;16,-0.0;17,-0.0;18,-0.0;19,-0.0;20,-0.0;21,-0.0;22,-0.0;23,-0.0;24,-0.0;25,-0.0;26,-0.0;27,-0.0;28,-0.0;29,-0.0;30,-0.0;31,-0.0;32,-0.0
plastic:1,-0.0;2,-0.0;3,-0.0;4,-0.0;5,-0.0;6,-0.0;7,-0.0;8,-0.0;9,-0.0;10,-0.0;11,-0.0;12,-0.0;13,-0.0;14,-0.0;15,-0.0;16,-0.0;17,-0.0;18,-0.0;19,-0.0;20,-0.0;21,-0.0;22,-0.0;23,-0.0;24,-0.0;25,-0.0;26,-0.0;27,-0.0;28,-0.0;29,-0.0;30,-0.0;31,-0.0;32,-0.0
thinking:1,-0.0;2,-0.0;3,-0.0;4,-0.0;5,-0.0;6,-0.0;7,-0.0;8,-0.0;9,-0.0;10,-0.0;11,-0.0;12,-0.0;13,-0.0;14,-0.0;15,-0.0;16,-0.0;17,-0.0;18,-0.0;19,-0.0;20,-0.0;21,-0.0;22,-0.0;23,-0.0;24,-0.0;25,-0.0;26,-0.0;27,-0.0;28,-0.0;29,-0.0;30,-0.0;31,-0.0;32,-0.0
purple:1,-0.0;2,-0.0;3,-0.0;4,-0.0;5,-0.0;6,-0.0;7,-0.0;8,-0.0;9,-0.0;10,-0.0;11,-0.0;12,-0.0;13,-0.0;14,-0.0;15,-0.0;16,-0.0;17,-0.0;18,-0.0;19,-0.0;20,-0.0;21,-0.0;22,-0.0;23,-0.0;24,-0.0;25,-0.0;26,-0.0;27,-0.0;28,-0.0;29,-0.0;30,-0.0;31,-0.0;32,-0.0
soup:1,-0.0;2,-0.0;3,-0.0;4,-0.0;5,-0.0;6,-0.0;7,-0.0;8,-0.0;9,-0.0;10,-0.0;11,-0.0;12,-0.0;13,-0.0;14,-0.0;15,-0.0;16,-0.0;17,-0.0;18,-0.0;19,-0.0;20,-0.0;21,-0.0;22,-0.0;23,-0.0;24,-0.0;25,-0.0;26,-0.0;27,-0.0;28,-0.0;29,-0.0;30,-0.0;31,-0.0;32,-0.0
cup:2,1.0;11,1.0;13,1.0;17,1.0;18,1.0;19,1.0;21,1.0;23,1.0;28,1.0;31,1.0;8,0.600000023842;10,0.600000023842;16,0.600000023842;5,-0.199999988079;6,-0.199999988079;25,-0.199999988079;30,-0.199999988079;1,-1.0;3,-1.0;4,-1.0;7,-1.0;9,-1.0;12,-1.0;14,-1.0;15,-1.0;20,-1.0;22,-1.0;24,-1.0;26,-1.0;27,-1.0;29,-1.0;32,-1.0
large:1,-0.0;2,-0.0;3,-0.0;4,-0.0;5,-0.0;6,-0.0;7,-0.0;8,-0.0;9,-0.0;10,-0.0;11,-0.0;12,-0.0;13,-0.0;14,-0.0;15,-0.0;16,-0.0;17,-0.0;18,-0.0;19,-0.0;20,-0.0;21,-0.0;22,-0.0;23,-0.0;24,-0.0;25,-0.0;26,-0.0;27,-0.0;28,-0.0;29,-0.0;30,-0.0;31,-0.0;32,-0.0
full:1,-0.0;2,-0.0;3,-0.0;4,-0.0;5,-0.0;6,-0.0;7,-0.0;8,-0.0;9,-0.0;10,-0.0;11,-0.0;12,-0.0;13,-0.0;14,-0.0;15,-0.0;16,-0.0;17,-0.0;18,-0.0;19,-0.0;20,-0.0;21,-0.0;22,-0.0;23,-0.0;24,-0.0;25,-0.0;26,-0.0;27,-0.0;28,-0.0;29,-0.0;30,-0.0;31,-0.0;32,-0.0
silent:1,-0.0;2,-0.0;3,-0.0;4,-0.0;5,-0.0;6,-0.0;7,-0.0;8,-0.0;9,-0.0;10,-0.0;11,-0.0;12,-0.0;13,-0.0;14,-0.0;15,-0.0;16,-0.0;17,-0.0;18,-0.0;19,-0.0;20,-0.0;21,-0.0;22,-0.0;23,-0.0;24,-0.0;25,-0.0;26,-0.0;27,-0.0;28,-0.0;29,-0.0;30,-0.0;31,-0.0;32,-0.0
shaking:1,-0.0;2,-0.0;3,-0.0;4,-0.0;5,-0.0;6,-0.0;7,-0.0;8,-0.0;9,-0.0;10,-0.0;11,-0.0;12,-0.0;13,-0.0;14,-0.0;15,-0.0;16,-0.0;17,-0.0;18,-0.0;19,-0.0;20,-0.0;21,-0.0;22,-0.0;23,-0.0;24,-0.0;25,-0.0;26,-0.0;27,-0.0;28,-0.0;29,-0.0;30,-0.0;31,-0.0;32,-0.0
chips:1,-1.0;2,-1.0;3,-1.0;4,-1.0;5,-1.0;6,-1.0;7,-1.0;8,-1.0;9,-1.0;10,-1.0;11,-1.0;12,-1.0;13,-1.0;14,-1.0;15,-1.0;16,-1.0;17,-1.0;18,-1.0;19,-1.0;20,-1.0;21,-1.0;22,-1.0;23,-1.0;24,-1.0;25,-1.0;26,-1.0;27,-1.0;28,-1.0;29,-1.0;30,-1.0;31,-1.0;32,-1.0
drink:1,-0.0;2,-0.0;3,-0.0;4,-0.0;5,-0.0;6,-0.0;7,-0.0;8,-0.0;9,-0.0;10,-0.0;11,-0.0;12,-0.0;13,-0.0;14,-0.0;15,-0.0;16,-0.0;17,-0.0;18,-0.0;19,-0.0;20,-0.0;21,-0.0;22,-0.0;23,-0.0;24,-0.0;25,-0.0;26,-0.0;27,-0.0;28,-0.0;29,-0.0;30,-0.0;31,-0.0;32,-0.0
pencil-shaped:1,-0.0;2,-0.0;3,-0.0;4,-0.0;5,-0.0;6,-0.0;7,-0.0;8,-0.0;9,-0.0;10,-0.0;11,-0.0;12,-0.0;13,-0.0;14,-0.0;15,-0.0;16,-0.0;17,-0.0;18,-0.0;19,-0.0;20,-0.0;21,-0.0;22,-0.0;23,-0.0;24,-0.0;25,-0.0;26,-0.0;27,-0.0;28,-0.0;29,-0.0;30,-0.0;31,-0.0;32,-0.0
hollow:1,-0.0;2,-0.0;3,-0.0;4,-0.0;5,-0.0;6,-0.0;7,-0.0;8,-0.0;9,-0.0;10,-0.0;11,-0.0;12,-0.0;13,-0.0;14,-0.0;15,-0.0;16,-0.0;17,-0.0;18,-0.0;19,-0.0;20,-0.0;21,-0.0;22,-0.0;23,-0.0;24,-0.0;25,-0.0;26,-0.0;27,-0.0;28,-0.0;29,-0.0;30,-0.0;31,-0.0;32,-0.0
medium-sized:1,-0.0;2,-0.0;3,-0.0;4,-0.0;5,-0.0;6,-0.0;7,-0.0;8,-0.0;9,-0.0;10,-0.0;11,-0.0;12,-0.0;13,-0.0;14,-0.0;15,-0.0;16,-0.0;17,-0.0;18,-0.0;19,-0.0;20,-0.0;21,-0.0;22,-0.0;23,-0.0;24,-0.0;25,-0.0;26,-0.0;27,-0.0;28,-0.0;29,-0.0;30,-0.0;31,-0.0;32,-0.0
color:1,-0.0;2,-0.0;3,-0.0;4,-0.0;5,-0.0;6,-0.0;7,-0.0;8,-0.0;9,-0.0;10,-0.0;11,-0.0;12,-0.0;13,-0.0;14,-0.0;15,-0.0;16,-0.0;17,-0.0;18,-0.0;19,-0.0;20,-0.0;21,-0.0;22,-0.0;23,-0.0;24,-0.0;25,-0.0;26,-0.0;27,-0.0;28,-0.0;29,-0.0;30,-0.0;31,-0.0;32,-0.0
inside:1,-0.0;2,-0.0;3,-0.0;4,-0.0;5,-0.0;6,-0.0;7,-0.0;8,-0.0;9,-0.0;10,-0.0;11,-0.0;12,-0.0;13,-0.0;14,-0.0;15,-0.0;16,-0.0;17,-0.0;18,-0.0;19,-0.0;20,-0.0;21,-0.0;22,-0.0;23,-0.0;24,-0.0;25,-0.0;26,-0.0;27,-0.0;28,-0.0;29,-0.0;30,-0.0;31,-0.0;32,-0.0
shiny:1,-0.0;2,-0.0;3,-0.0;4,-0.0;5,-0.0;6,-0.0;7,-0.0;8,-0.0;9,-0.0;10,-0.0;11,-0.0;12,-0.0;13,-0.0;14,-0.0;15,-0.0;16,-0.0;17,-0.0;18,-0.0;19,-0.0;20,-0.0;21,-0.0;22,-0.0;23,-0.0;24,-0.0;25,-0.0;26,-0.0;27,-0.0;28,-0.0;29,-0.0;30,-0.0;31,-0.0;32,-0.0
transparent:1,-0.0;2,-0.0;3,-0.0;4,-0.0;5,-0.0;6,-0.0;7,-0.0;8,-0.0;9,-0.0;10,-0.0;11,-0.0;12,-0.0;13,-0.0;14,-0.0;15,-0.0;16,-0.0;17,-0.0;18,-0.0;19,-0.0;20,-0.0;21,-0.0;22,-0.0;23,-0.0;24,-0.0;25,-0.0;26,-0.0;27,-0.0;28,-0.0;29,-0.0;30,-0.0;31,-0.0;32,-0.0
aerosol:1,-0.0;2,-0.0;3,-0.0;4,-0.0;5,-0.0;6,-0.0;7,-0.0;8,-0.0;9,-0.0;10,-0.0;11,-0.0;12,-0.0;13,-0.0;14,-0.0;15,-0.0;16,-0.0;17,-0.0;18,-0.0;19,-0.0;20,-0.0;21,-0.0;22,-0.0;23,-0.0;24,-0.0;25,-0.0;26,-0.0;27,-0.0;28,-0.0;29,-0.0;30,-0.0;31,-0.0;32,-0.0
soft:1,-0.0;2,-0.0;3,-0.0;4,-0.0;5,-0.0;6,-0.0;7,-0.0;8,-0.0;9,-0.0;10,-0.0;11,-0.0;12,-0.0;13,-0.0;14,-0.0;15,-0.0;16,-0.0;17,-0.0;18,-0.0;19,-0.0;20,-0.0;21,-0.0;22,-0.0;23,-0.0;24,-0.0;25,-0.0;26,-0.0;27,-0.0;28,-0.0;29,-0.0;30,-0.0;31,-0.0;32,-0.0
orange-topped:1,-0.0;2,-0.0;3,-0.0;4,-0.0;5,-0.0;6,-0.0;7,-0.0;8,-0.0;9,-0.0;10,-0.0;11,-0.0;12,-0.0;13,-0.0;14,-0.0;15,-0.0;16,-0.0;17,-0.0;18,-0.0;19,-0.0;20,-0.0;21,-0.0;22,-0.0;23,-0.0;24,-0.0;25,-0.0;26,-0.0;27,-0.0;28,-0.0;29,-0.0;30,-0.0;31,-0.0;32,-0.0
cardboard:1,-0.0;2,-0.0;3,-0.0;4,-0.0;5,-0.0;6,-0.0;7,-0.0;8,-0.0;9,-0.0;10,-0.0;11,-0.0;12,-0.0;13,-0.0;14,-0.0;15,-0.0;16,-0.0;17,-0.0;18,-0.0;19,-0.0;20,-0.0;21,-0.0;22,-0.0;23,-0.0;24,-0.0;25,-0.0;26,-0.0;27,-0.0;28,-0.0;29,-0.0;30,-0.0;31,-0.0;32,-0.0
tube:1,-0.0;2,-0.0;3,-0.0;4,-0.0;5,-0.0;6,-0.0;7,-0.0;8,-0.0;9,-0.0;10,-0.0;11,-0.0;12,-0.0;13,-0.0;14,-0.0;15,-0.0;16,-0.0;17,-0.0;18,-0.0;19,-0.0;20,-0.0;21,-0.0;22,-0.0;23,-0.0;24,-0.0;25,-0.0;26,-0.0;27,-0.0;28,-0.0;29,-0.0;30,-0.0;31,-0.0;32,-0.0
paper:1,-0.0;2,-0.0;3,-0.0;4,-0.0;5,-0.0;6,-0.0;7,-0.0;8,-0.0;9,-0.0;10,-0.0;11,-0.0;12,-0.0;13,-0.0;14,-0.0;15,-0.0;16,-0.0;17,-0.0;18,-0.0;19,-0.0;20,-0.0;21,-0.0;22,-0.0;23,-0.0;24,-0.0;25,-0.0;26,-0.0;27,-0.0;28,-0.0;29,-0.0;30,-0.0;31,-0.0;32,-0.0
roll:1,-0.0;2,-0.0;3,-0.0;4,-0.0;5,-0.0;6,-0.0;7,-0.0;8,-0.0;9,-0.0;10,-0.0;11,-0.0;12,-0.0;13,-0.0;14,-0.0;15,-0.0;16,-0.0;17,-0.0;18,-0.0;19,-0.0;20,-0.0;21,-0.0;22,-0.0;23,-0.0;24,-0.0;25,-0.0;26,-0.0;27,-0.0;28,-0.0;29,-0.0;30,-0.0;31,-0.0;32,-0.0
beans:1,-0.0;2,-0.0;3,-0.0;4,-0.0;5,-0.0;6,-0.0;7,-0.0;8,-0.0;9,-0.0;10,-0.0;11,-0.0;12,-0.0;13,-0.0;14,-0.0;15,-0.0;16,-0.0;17,-0.0;18,-0.0;19,-0.0;20,-0.0;21,-0.0;22,-0.0;23,-0.0;24,-0.0;25,-0.0;26,-0.0;27,-0.0;28,-0.0;29,-0.0;30,-0.0;31,-0.0;32,-0.0
teal:1,-0.0;2,-0.0;3,-0.0;4,-0.0;5,-0.0;6,-0.0;7,-0.0;8,-0.0;9,-0.0;10,-0.0;11,-0.0;12,-0.0;13,-0.0;14,-0.0;15,-0.0;16,-0.0;17,-0.0;18,-0.0;19,-0.0;20,-0.0;21,-0.0;22,-0.0;23,-0.0;24,-0.0;25,-0.0;26,-0.0;27,-0.0;28,-0.0;29,-0.0;30,-0.0;31,-0.0;32,-0.0
text:1,-0.0;2,-0.0;3,-0.0;4,-0.0;5,-0.0;6,-0.0;7,-0.0;8,-0.0;9,-0.0;10,-0.0;11,-0.0;12,-0.0;13,-0.0;14,-0.0;15,-0.0;16,-0.0;17,-0.0;18,-0.0;19,-0.0;20,-0.0;21,-0.0;22,-0.0;23,-0.0;24,-0.0;25,-0.0;26,-0.0;27,-0.0;28,-0.0;29,-0.0;30,-0.0;31,-0.0;32,-0.0
spherical:1,-0.0;2,-0.0;3,-0.0;4,-0.0;5,-0.0;6,-0.0;7,-0.0;8,-0.0;9,-0.0;10,-0.0;11,-0.0;12,-0.0;13,-0.0;14,-0.0;15,-0.0;16,-0.0;17,-0.0;18,-0.0;19,-0.0;20,-0.0;21,-0.0;22,-0.0;23,-0.0;24,-0.0;25,-0.0;26,-0.0;27,-0.0;28,-0.0;29,-0.0;30,-0.0;31,-0.0;32,-0.0
neon:1,-0.0;2,-0.0;3,-0.0;4,-0.0;5,-0.0;6,-0.0;7,-0.0;8,-0.0;9,-0.0;10,-0.0;11,-0.0;12,-0.0;13,-0.0;14,-0.0;15,-0.0;16,-0.0;17,-0.0;18,-0.0;19,-0.0;20,-0.0;21,-0.0;22,-0.0;23,-0.0;24,-0.0;25,-0.0;26,-0.0;27,-0.0;28,-0.0;29,-0.0;30,-0.0;31,-0.0;32,-0.0
ball:1,-0.0;2,-0.0;3,-0.0;4,-0.0;5,-0.0;6,-0.0;7,-0.0;8,-0.0;9,-0.0;10,-0.0;11,-0.0;12,-0.0;13,-0.0;14,-0.0;15,-0.0;16,-0.0;17,-0.0;18,-0.0;19,-0.0;20,-0.0;21,-0.0;22,-0.0;23,-0.0;24,-0.0;25,-0.0;26,-0.0;27,-0.0;28,-0.0;29,-0.0;30,-0.0;31,-0.0;32,-0.0
big:1,-0.0;2,-0.0;3,-0.0;4,-0.0;5,-0.0;6,-0.0;7,-0.0;8,-0.0;9,-0.0;10,-0.0;11,-0.0;12,-0.0;13,-0.0;14,-0.0;15,-0.0;16,-0.0;17,-0.0;18,-0.0;19,-0.0;20,-0.0;21,-0.0;22,-0.0;23,-0.0;24,-0.0;25,-0.0;26,-0.0;27,-0.0;28,-0.0;29,-0.0;30,-0.0;31,-0.0;32,-0.0
foam:1,-0.0;2,-0.0;3,-0.0;4,-0.0;5,-0.0;6,-0.0;7,-0.0;8,-0.0;9,-0.0;10,-0.0;11,-0.0;12,-0.0;13,-0.0;14,-0.0;15,-0.0;16,-0.0;17,-0.0;18,-0.0;19,-0.0;20,-0.0;21,-0.0;22,-0.0;23,-0.0;24,-0.0;25,-0.0;26,-0.0;27,-0.0;28,-0.0;29,-0.0;30,-0.0;31,-0.0;32,-0.0
sphere:1,-0.0;2,-0.0;3,-0.0;4,-0.0;5,-0.0;6,-0.0;7,-0.0;8,-0.0;9,-0.0;10,-0.0;11,-0.0;12,-0.0;13,-0.0;14,-0.0;15,-0.0;16,-0.0;17,-0.0;18,-0.0;19,-0.0;20,-0.0;21,-0.0;22,-0.0;23,-0.0;24,-0.0;25,-0.0;26,-0.0;27,-0.0;28,-0.0;29,-0.0;30,-0.0;31,-0.0;32,-0.0
jar:1,-0.0;2,-0.0;3,-0.0;4,-0.0;5,-0.0;6,-0.0;7,-0.0;8,-0.0;9,-0.0;10,-0.0;11,-0.0;12,-0.0;13,-0.0;14,-0.0;15,-0.0;16,-0.0;17,-0.0;18,-0.0;19,-0.0;20,-0.0;21,-0.0;22,-0.0;23,-0.0;24,-0.0;25,-0.0;26,-0.0;27,-0.0;28,-0.0;29,-0.0;30,-0.0;31,-0.0;32,-0.0
objct:1,-0.0;2,-0.0;3,-0.0;4,-0.0;5,-0.0;6,-0.0;7,-0.0;8,-0.0;9,-0.0;10,-0.0;11,-0.0;12,-0.0;13,-0.0;14,-0.0;15,-0.0;16,-0.0;17,-0.0;18,-0.0;19,-0.0;20,-0.0;21,-0.0;22,-0.0;23,-0.0;24,-0.0;25,-0.0;26,-0.0;27,-0.0;28,-0.0;29,-0.0;30,-0.0;31,-0.0;32,-0.0
