light:1,0.133333340287;2,0.133333340287;3,0.133333340287;4,0.133333340287;5,0.133333340287;7,0.133333340287;8,0.133333340287;12,0.133333340287;20,0.133333340287;25,0.133333340287;26,0.133333340287;27,0.133333340287;28,0.133333340287;29,0.133333340287;30,0.133333340287;32,0.133333340287;10,0.0800000056624;11,0.0800000056624;13,0.0800000056624;14,0.0800000056624;15,0.0800000056624;16,0.0800000056624;17,0.0800000056624;18,0.0800000056624;21,0.0800000056624;6,0.026666674763;9,0.026666674763;22,0.026666674763;23,0.026666674763;24,0.026666674763;31,0.026666674763;19,-0.0266666673124
tall:22,0.0959386527538;19,0.0897604227066;24,0.0769623667002;25,0.0769623667002;31,0.0740940496325;23,0.0736524611712;8,0.0648385584354;14,0.0648385584354;18,0.0648385584354;20,0.0648385584354;17,0.0634044036269;5,0.0619702413678;6,0.0572261735797;16,0.0524821057916;10,0.0459542572498;30,0.0459542572498;13,0.0396840535104;21,0.0396840535104;29,0.0396840535104;4,0.0382498949766;3,0.0338304489851;11,0.020131804049;9,-0.0139535712078;1,-0.0353815741837;28,-0.0639379695058;12,-0.0664816647768;27,-0.0807138681412;2,-0.0835821926594;7,-0.090202011168;32,-0.090202011168;26,-0.0916361659765;15,-0.0930703282356
white:4,0.0473789051175;11,0.0439982153475;15,0.0407476499677;21,0.0401151515543;29,0.0383954904974;13,0.0368617661297;12,0.0313991755247;26,0.0253819320351;16,0.024139015004;2,0.016222987324;5,0.0132009694353;7,0.0105125596747;6,0.00915914867073;20,0.00895922724158;22,0.00783131830394;28,0.00707324082032;32,0.00178469589446;17,-8.92340103746e-05;31,-0.000743046111893;14,-0.00691810017452;25,-0.00724982563406;3,-0.00831567216665;10,-0.0103993164375;8,-0.011580738239;19,-0.0127799315378;24,-0.0177735630423;27,-0.0226199217141;9,-0.0258176159114;18,-0.0364028476179;30,-0.0397799536586;1,-0.0473503172398;23,-0.0513504967093
clear:23,-0.857142865658;1,-1.0;2,-1.0;3,-1.0;4,-1.0;5,-1.0;6,-1.0;7,-1.0;8,-1.0;9,-1.0;10,-1.0;11,-1.0;12,-1.0;13,-1.0;14,-1.0;15,-1.0;16,-1.0;17,-1.0;18,-1.0;19,-1.0;20,-1.0;21,-1.0;22,-1.0;24,-1.0;25,-1.0;26,-1.0;27,-1.0;28,-1.0;29,-1.0;30,-1.0;31,-1.0;32,-1.0
container:1,1.0;2,1.0;3,1.0;4,1.0;5,1.0;6,1.0;7,1.0;8,1.0;9,1.0;10,1.0;11,1.0;12,1.0;13,1.0;14,1.0;15,1.0;16,1.0;17,1.0;18,1.0;19,1.0;20,1.0;21,1.0;22,1.0;23,1.0;24,1.0;25,1.0;26,1.0;27,1.0;28,1.0;29,1.0;30,1.0;31,1.0;32,1.0
gray:28,-0.00191737059504;7,-0.00904608424753;9,-0.0161747969687;14,-0.0161747969687;27,-0.0161747969687;13,-0.0207935143262;20,-0.0207935143262;26,-0.0207935143262;29,-0.0207935143262;2,-0.0254122298211;8,-0.0267461333424;17,-0.0279222279787;21,-0.0279222279787;4,-0.0325409434736;15,-0.0396696589887;32,-0.0513314418495;12,-0.0560358017683;18,-0.062146242708;3,-0.0667649582028;1,-0.0770336017013;22,-0.0770336017013;24,-0.0770336017013;25,-0.0770336017013;30,-0.0770336017013;23,-0.0817907974124;5,-0.0856411084533;19,-0.0887810364366;10,-0.0991688072681;31,-0.100528471172;11,-0.113024957478;16,-0.11391249299;6,-0.121041208506
cap:1,-0.0;2,-0.0;3,-0.0;4,-0.0;5,-0.0;6,-0.0;7,-0.0;8,-0.0;9,-0.0;10,-0.0;11,-0.0;12,-0.0;13,-0.0;14,-0.0;15,-0.0;16,-0.0;17,-0.0;18,-0.0;19,-0.0;20,-0.0;21,-0.0;22,-0.0;23,-0.0;24,-0.0;25,-0.0;26,-0.0;27,-0.0;28,-0.0;29,-0.0;30,-0.0;31,-0.0;32,-0.0
black:1,1.0;2,1.0;3,1.0;4,1.0;5,1.0;6,1.0;7,1.0;9,1.0;10,1.0;11,1.0;12,1.0;13,1.0;14,1.0;15,1.0;16,1.0;17,1.0;18,1.0;19,1.0;20,1.0;21,1.0;22,1.0;23,1.0;24,1.0;25,1.0;26,1.0;27,1.0;28,1.0;29,1.0;30,1.0;31,1.0;32,1.0;8,0.866666615009
circles:22,0.0328661501408;8,0.0264558885247;9,0.0264558885247;12,0.0264558885247;14,0.0264558885247;5,0.0145914833993;6,0.0145914833993;19,0.00496523082256;20,0.00272707641125;2,-0.00913733243942;16,-0.00913733243942;17,-0.00913733243942;18,-0.00913733243942;27,-0.00913733243942;31,-0.0264558885247;3,-0.0328661501408;4,-0.0328661501408;7,-0.0328661501408;11,-0.0328661501408;13,-0.0328661501408;15,-0.0328661501408;21,-0.0328661501408;23,-0.0328661501408;24,-0.0328661501408;26,-0.0328661501408;28,-0.0328661501408;29,-0.0328661501408;32,-0.0328661501408;1,-0.0469469800591;10,-0.0559430718422;25,-0.0713276863098;30,-0.0790199935436
yellow:12,0.124932400882;6,0.117624714971;20,0.115600205958;4,0.11327984184;15,0.11327984184;16,0.113142713904;9,0.112489469349;14,0.112489469349;27,0.112489469349;2,0.110728643835;21,0.110169112682;26,0.110169112682;29,0.110169112682;5,0.107399627566;7,0.107058368623;8,0.102264381945;17,0.102116458118;13,0.0999440178275;28,0.0989389494061;3,0.0908051505685;18,0.0887806341052;32,0.0866081938148;1,0.0597511269152;10,0.0590436719358;24,0.0590436719358;25,0.0590436719358;30,0.0590436719358;23,0.0559329353273;11,0.0534648895264;31,0.0503541529179;19,0.0433643721044;22,0.0421844422817
spiky:20,0.0177667140961;9,-0.00317569077015;14,-0.0150201693177;8,-0.0359625741839;12,-0.0359625741839;11,-0.0924384146929;22,-0.101536348462;31,-0.101536348462;1,-0.11338082701;5,-0.11338082701;6,-0.11338082701;13,-0.11338082701;2,-0.134323239326;3,-0.134323239326;4,-0.134323239326;7,-0.134323239326;10,-0.134323239326;15,-0.134323239326;16,-0.134323239326;17,-0.134323239326;18,-0.134323239326;19,-0.134323239326;21,-0.134323239326;23,-0.134323239326;24,-0.134323239326;25,-0.134323239326;26,-0.134323239326;27,-0.134323239326;28,-0.134323239326;29,-0.134323239326;30,-0.134323239326;32,-0.134323239326
thing:5,0.333333343267;19,0.333333343267;3,0.20000000298;13,0.20000000298;16,0.20000000298;17,0.20000000298;23,0.20000000298;24,0.20000000298;27,0.20000000298;10,0.0666666850448;20,0.0666666850448;21,0.0666666850448;30,0.0666666850448;14,-0.066666662693;18,-0.066666662693;25,-0.066666662693;31,-0.066666662693;2,-0.20000000298;11,-0.20000000298;6,-0.333333343267;8,-0.333333343267;9,-0.333333343267;12,-0.333333343267;32,-0.333333343267;26,-0.599999964237;1,-0.733333349228;22,-0.733333349228;7,-0.866666615009;4,-1.0;15,-1.0;28,-1.0;29,-1.0
orange:3,0.149662911892;16,0.141632273793;5,0.132684394717;12,0.131256505847;20,0.111770696938;11,0.109869629145;28,0.104412838817;24,0.0999192297459;6,0.0935828238726;31,0.0834717154503;10,0.0831894204021;13,0.0751574486494;23,0.0747150406241;17,0.057820122689;30,0.0524502582848;2,0.0521855801344;9,0.0478354878724;15,0.0474443361163;32,0.0398116633296;26,0.0365101099014;1,0.0315365605056;19,0.0305949151516;7,0.0275622252375;25,0.02751612477;14,0.00372232007794;27,-0.00372726214118;4,-0.00382078695111;18,-0.00686480477452;21,-0.0225919671357;29,-0.0514160208404;22,-0.0607215948403;8,-0.0809639915824
half-full:1,1.0;2,1.0;3,1.0;4,1.0;5,1.0;6,1.0;7,1.0;8,1.0;9,1.0;10,1.0;11,1.0;12,1.0;13,1.0;14,1.0;15,1.0;16,1.0;17,1.0;18,1.0;19,1.0;20,1.0;21,1.0;22,1.0;23,1.0;24,1.0;25,1.0;26,1.0;27,1.0;28,1.0;29,1.0;30,1.0;31,1.0;32,1.0
round:1,1.0;2,1.0;3,1.0;4,1.0;5,1.0;6,1.0;7,1.0;8,1.0;9,1.0;10,1.0;11,1.0;12,1.0;13,1.0;14,1.0;15,1.0;16,1.0;17,1.0;18,1.0;19,1.0;20,1.0;21,1.0;22,1.0;23,1.0;24,1.0;25,1.0;26,1.0;27,1.0;28,1.0;29,1.0;30,1.0;31,1.0;32,1.0
empty:9,0.0308692902327;14,0.0308692902327;27,0.0308692902327;28,0.0308692902327;8,0.0294098444283;20,0.0282202828676;21,0.0282202828676;5,0.0223966725171;12,0.0202732644975;4,0.0192220695317;13,0.0155218690634;17,0.0155218690634;7,0.0149962734431;26,0.012347266078;29,0.012347266078;15,0.00969825964421;2,0.00929865986109;22,-0.0119260540232;24,-0.0135244559497;19,-0.0149746602401;18,-0.0156262535602;23,-0.0156262535602;32,-0.0156262535602;1,-0.0170734040439;3,-0.0182752609253;10,-0.0182752609253;25,-0.0182752609253;30,-0.0182752609253;16,-0.0185174960643;6,-0.0213208105415;31,-0.0223966725171;11,-0.0254169683903
metallic:8,0.114705167711;9,0.0937865525484;6,0.0229745749384;12,0.000529104028828;16,-0.00511795375496;1,-0.01528607402;27,-0.0230564232916;3,-0.0232543982565;2,-0.0327280983329;18,-0.0379973836243;14,-0.0381935425103;17,-0.0446847863495;22,-0.053710680455;5,-0.077113814652;20,-0.0801446661353;23,-0.0844838172197;19,-0.0894956737757;28,-0.122002378106;25,-0.124470628798;24,-0.126213520765;11,-0.127391830087;31,-0.12925799191;13,-0.131705909967;30,-0.135801434517;21,-0.137139469385;26,-0.137139469385;29,-0.137139469385;10,-0.142122253776;7,-0.148369863629;4,-0.15250185132;15,-0.153243452311;32,-0.184709817171
aluminum:27,-0.266666680574;4,-0.466666668653;14,-0.466666668653;15,-0.5;21,-0.5;28,-0.5;29,-0.5;7,-0.533333361149;26,-0.633333325386;9,-0.900000035763;11,-0.900000035763;13,-0.933333337307;16,-0.933333337307;1,-0.966666698456;2,-0.966666698456;5,-0.966666698456;6,-0.966666698456;20,-0.966666698456;24,-0.966666698456;3,-1.0;8,-1.0;10,-1.0;12,-1.0;17,-1.0;18,-1.0;19,-1.0;22,-1.0;23,-1.0;25,-1.0;30,-1.0;31,-1.0;32,-1.0
heavy:19,0.0702061355114;31,0.0702061355114;14,0.0636711865664;29,0.0636711865664;24,0.059774979949;8,0.0540444664657;4,0.053240031004;21,0.053240031004;1,0.0493438243866;11,0.0493438243866;25,0.0493438243866;13,0.0428088754416;16,0.0323777198792;30,0.0292859561741;22,0.0266459267586;18,0.0219465661794;6,0.0214876681566;17,0.012319849804;23,0.011641385965;7,0.0115154124796;15,0.0115154124796;28,0.0115154124796;2,0.0110565144569;10,0.00911472085863;9,0.0026931297034;27,-0.0165603086352;26,-0.0429348498583;5,-0.0525615662336;32,-0.0702061355114;20,-0.0806372910738;3,-0.0910684466362;12,-0.0910684466362
blue:19,0.0523488819599;22,0.0491196811199;1,0.0199622325599;25,0.019536614418;31,0.0183735713363;11,0.0164616014808;30,0.0158206727356;24,0.0128313368186;10,0.0120097361505;23,-0.00833304040134;18,-0.0306179150939;14,-0.0371736139059;17,-0.0375146865845;4,-0.0394372195005;29,-0.0404183343053;21,-0.0455304160714;13,-0.046652764082;32,-0.0491405576468;8,-0.0492658466101;15,-0.0494989864528;26,-0.0498574078083;28,-0.0501687526703;2,-0.0504800975323;7,-0.0504800975323;9,-0.0511960536242;20,-0.0516632609069;6,-0.052499961108;16,-0.0532456450164;3,-0.0536511465907;5,-0.0550454333425;12,-0.057448759675;27,-0.05873375386
object:1,1.0;2,1.0;3,1.0;4,1.0;5,1.0;6,1.0;7,1.0;8,1.0;9,1.0;10,1.0;11,1.0;12,1.0;13,1.0;14,1.0;15,1.0;16,1.0;17,1.0;18,1.0;19,1.0;20,1.0;21,1.0;22,1.0;23,1.0;24,1.0;25,1.0;26,1.0;27,1.0;28,1.0;29,1.0;30,1.0;31,1.0;32,1.0
narrow:4,1.0;7,1.0;9,1.0;11,1.0;15,1.0;16,1.0;19,1.0;22,1.0;23,1.0;24,1.0;26,1.0;28,1.0;29,1.0;30,1.0;31,1.0;1,0.971428573132;2,0.971428573132;6,0.971428573132;13,0.971428573132;17,0.971428573132;18,0.971428573132;21,0.971428573132;25,0.971428573132;27,0.971428573132;14,0.914285719395;5,0.885714232922;8,0.885714232922;32,0.885714232922;3,0.857142865658;12,0.857142865658;10,0.828571438789;20,0.714285731316
wide:1,1.0;2,1.0;3,1.0;4,1.0;5,1.0;6,1.0;7,1.0;8,1.0;9,1.0;10,1.0;11,1.0;12,1.0;13,1.0;14,1.0;15,1.0;16,1.0;17,1.0;18,1.0;19,1.0;20,1.0;21,1.0;22,1.0;23,1.0;24,1.0;25,1.0;26,1.0;27,1.0;28,1.0;29,1.0;30,1.0;31,1.0;32,1.0
cylinder:1,1.0;2,1.0;3,1.0;4,1.0;5,1.0;6,1.0;7,1.0;8,1.0;9,1.0;10,1.0;11,1.0;12,1.0;13,1.0;14,1.0;15,1.0;16,1.0;17,1.0;18,1.0;19,1.0;20,1.0;21,1.0;22,1.0;23,1.0;24,1.0;25,1.0;26,1.0;27,1.0;28,1.0;29,1.0;30,1.0;31,1.0;32,1.0
brown:1,0.0944473221898;2,0.0944473221898;3,0.0944473221898;4,0.0944473221898;5,0.0944473221898;6,0.0944473221898;7,0.0944473221898;8,0.0944473221898;9,0.0944473221898;12,0.0944473221898;13,0.0944473221898;14,0.0944473221898;15,0.0944473221898;16,0.0944473221898;17,0.0944473221898;20,0.0944473221898;21,0.0944473221898;27,0.0944473221898;28,0.0944473221898;29,0.0944473221898;10,0.0859366878867;11,0.0859366878867;26,0.0859366878867;18,0.077426046133;23,0.077426046133;24,0.077426046133;19,0.0604047700763;25,0.0518941357732;30,0.0518941357732;32,0.0518941357732;22,-0.0944473221898;31,-0.0944473221898
rectangle:1,-1.0;2,-1.0;3,-1.0;4,-1.0;5,-1.0;6,-1.0;7,-1.0;8,-1.0;9,-1.0;10,-1.0;11,-1.0;12,-1.0;13,-1.0;14,-1.0;15,-1.0;16,-1.0;17,-1.0;18,-1.0;19,-1.0;20,-1.0;21,-1.0;22,-1.0;23,-1.0;24,-1.0;25,-1.0;26,-1.0;27,-1.0;28,-1.0;29,-1.0;30,-1.0;31,-1.0;32,-1.0
fat:32,0.146999165416;20,0.137449488044;23,0.126902967691;10,0.103283025324;13,0.102276705205;21,0.0874769091606;30,0.0853587761521;12,0.0781481638551;28,0.0652416571975;17,0.0610362477601;8,0.0596854388714;14,0.057037986815;27,0.054466444999;29,0.0506075136364;15,0.0436208546162;26,0.031944103539;19,0.0214249715209;4,0.0208380408585;31,0.0206193886697;25,0.0153696415946;9,0.0116109121591;3,0.0105127375573;7,0.00582355121151;22,-0.00863411370665;5,-0.0142235010862;18,-0.0160922203213;16,-0.0657814145088;1,-0.072213076055;2,-0.0848098620772;6,-0.0927551165223;11,-0.101505853236;24,-0.11878554523
tub:32,0.0587294846773;30,0.0513630025089;10,0.0145305888727;11,0.00724505865946;13,0.00716410716996;4,-0.000202375158551;7,-0.000202375158551;15,-0.000202375158551;21,-0.000202375158551;23,-0.000202375158551;26,-0.000202375158551;28,-0.000202375158551;29,-0.000202375158551;25,-0.0148543892428;31,-0.0220589712262;24,-0.0367919355631;5,-0.0513629950583;22,-0.0513630025089;6,-0.0587294846773;19,-0.0587294846773;27,-0.0588104315102;8,-0.0660959631205;9,-0.0660959631205;16,-0.066095970571;1,-0.0734624490142;2,-0.0734624490142;3,-0.0734624490142;12,-0.0734624490142;14,-0.0734624490142;17,-0.0734624490142;18,-0.0734624490142;20,-0.0734624490142
red:27,0.0957728847861;21,0.091835655272;26,0.091835655272;29,0.091835655272;8,0.0851690620184;13,0.0812318250537;16,0.0799668058753;4,0.0772945955396;9,0.0772374346852;7,0.0745652318001;17,0.070628002286;2,0.0666907653213;14,0.056114770472;28,0.056114770472;20,0.0415737107396;5,0.0376364775002;6,0.0338935926557;15,0.0270326472819;12,0.0191581808031;18,0.0171783827245;23,0.0134355006739;1,0.00949827115983;10,0.00949827115983;11,0.00829040072858;30,-0.0223132204264;32,-0.0262226164341;19,-0.0262504518032;3,-0.0264169685543;22,-0.0329170450568;31,-0.0407915115356;24,-0.0619713366032;25,-0.0619713366032
bright:31,0.169643074274;11,0.14843839407;6,0.141473919153;24,0.137928873301;16,0.120158195496;30,0.0844131410122;2,0.082339040935;1,0.0753498002887;3,0.0540150627494;5,0.0479896627367;8,0.0478335171938;10,0.0465108044446;22,0.0452459529042;7,0.041076797992;19,0.0409636944532;28,0.0370673760772;20,0.0369863733649;12,0.0334005318582;25,0.0313246995211;9,0.0287028383464;26,0.0278581064194;32,0.0235125403851;4,0.0231300462037;14,0.00556578952819;17,0.00242159306072;15,0.00155942002311;21,-0.00539602758363;27,-0.0054794549942;18,-0.00624872604385;13,-0.00719490088522;29,-0.00845459196717;23,-0.0142954075709
pineapple:1,-1.0;2,-1.0;3,-1.0;4,-1.0;5,-1.0;6,-1.0;7,-1.0;8,-1.0;9,-1.0;10,-1.0;11,-1.0;12,-1.0;13,-1.0;14,-1.0;15,-1.0;16,-1.0;17,-1.0;18,-1.0;19,-1.0;20,-1.0;21,-1.0;22,-1.0;23,-1.0;24,-1.0;25,-1.0;26,-1.0;27,-1.0;28,-1.0;29,-1.0;30,-1.0;31,-1.0;32,-1.0
cylindrical:1,-0.0;2,-0.0;3,-0.0;4,-0.0;5,-0.0;6,-0.0;7,-0.0;8,-0.0;9,-0.0;10,-0.0;11,-0.0;12,-0.0;13,-0.0;14,-0.0;15,-0.0;16,-0.0;17,-0.0;18,-0.0;19,-0.0;20,-0.0;21,-0.0;22,-0.0;23,-0.0;24,-0.0;25,-0.0;26,-0.0;27,-0.0;28,-0.0;29,-0.0;30,-0.0;31,-0.0;32,-0.0
rectangular:1,-0.0;2,-0.0;3,-0.0;4,-0.0;5,-0.0;6,-0.0;7,-0.0;8,-0.0;9,-0.0;10,-0.0;11,-0.0;12,-0.0;13,-0.0;14,-0.0;15,-0.0;16,-0.0;17,-0.0;18,-0.0;19,-0.0;20,-0.0;21,-0.0;22,-0.0;23,-0.0;24,-0.0;25,-0.0;26,-0.0;27,-0.0;28,-0.0;29,-0.0;30,-0.0;31,-0.0;32,-0.0
circular:1,-0.0;2,-0.0;3,-0.0;4,-0.0;5,-0.0;6,-0.0;7,-0.0;8,-0.0;9,-0.0;10,-0.0;11,-0.0;12,-0.0;13,-0.0;14,-0.0;15,-0.0;16,-0.0;17,-0.0;18,-0.0;19,-0.0;20,-0.0;21,-0.0;22,-0.0;23,-0.0;24,-0.0;25,-0.0;26,-0.0;27,-0.0;28,-0.0;29,-0.0;30,-0.0;31,-0.0;32,-0.0
water:19,0.261787086725;22,0.259389013052;25,0.250172406435;31,0.232430800796;24,0.212315574288;11,0.161659061909;1,0.133760020137;30,0.100980162621;6,0.0333912335336;3,0.000501441478264;10,-0.00721882237121;2,-0.0105462819338;23,-0.0136102447286;16,-0.0383742786944;5,-0.0465793572366;18,-0.0592131614685;28,-0.0887806341052;17,-0.101042322814;8,-0.109226815403;14,-0.115217424929;20,-0.135909929872;13,-0.146211892366;12,-0.147208884358;9,-0.149363234639;32,-0.186139449477;21,-0.190022170544;15,-0.19389604032;7,-0.227543458343;4,-0.233302772045;26,-0.23382049799;27,-0.234051346779;29,-0.251601964235
bottle:7,0.0738016441464;18,0.0738016441464;23,0.0738016441464;3,0.0684415176511;13,0.0684415176511;32,0.066265411675;28,0.0662210062146;26,0.0659146308899;21,0.0625812932849;15,0.0605544932187;5,0.0595493726432;4,0.0563153736293;1,0.0561101101339;17,0.0561101101339;25,0.0533690489829;10,0.0516030490398;29,0.051269967109;2,0.0489839725196;24,0.0458328165114;30,0.0458328165114;11,0.0448248796165;16,0.0384185649455;19,0.032936450094;22,0.0307603534311;31,0.0275763180107;20,0.0191158875823;6,0.0137557508424;14,0.0112843988463;9,0.00684660160914;8,0.00331459264271;27,0.00279796496034;12,-0.0163599383086
coffee:3,-0.466666638851;12,-0.555555582047;10,-0.644444465637;16,-0.644444465637;5,-0.688888847828;20,-0.688888847828;31,-0.688888847828;11,-0.733333349228;24,-0.733333349228;6,-0.777777791023;30,-0.777777791023;19,-0.822222232819;2,-0.911111116409;4,-0.911111116409;15,-0.911111116409;22,-0.911111116409;28,-0.911111116409;1,-0.955555617809;13,-0.955555617809;17,-0.955555617809;21,-0.955555617809;23,-0.955555617809;25,-0.955555617809;26,-0.955555617809;29,-0.955555617809;7,-1.0;8,-1.0;9,-1.0;14,-1.0;18,-1.0;27,-1.0;32,-1.0
can:1,0.141414135695;2,0.141414135695;3,0.141414135695;5,0.141414135695;6,0.141414135695;8,0.141414135695;9,0.141414135695;12,0.141414135695;14,0.141414135695;16,0.141414135695;17,0.141414135695;18,0.141414135695;19,0.141414135695;20,0.141414135695;22,0.141414135695;27,0.141414135695;11,0.0848484858871;24,0.028282834217;25,0.028282834217;31,-0.0282828249037;30,-0.0848484858871;4,-0.141414135695;7,-0.141414135695;10,-0.141414135695;13,-0.141414135695;15,-0.141414135695;21,-0.141414135695;23,-0.141414135695;26,-0.141414135695;28,-0.141414135695;29,-0.141414135695;32,-0.141414135695
styrofoam:28,-0.666666686535;27,-0.733333349228;29,-0.800000011921;14,-0.933333337307;15,-0.933333337307;21,-0.933333337307;26,-0.933333337307;1,-1.0;2,-1.0;3,-1.0;4,-1.0;5,-1.0;6,-1.0;7,-1.0;8,-1.0;9,-1.0;10,-1.0;11,-1.0;12,-1.0;13,-1.0;16,-1.0;17,-1.0;18,-1.0;19,-1.0;20,-1.0;22,-1.0;23,-1.0;24,-1.0;25,-1.0;30,-1.0;31,-1.0;32,-1.0
rough:5,-0.428571432829;20,-0.5428571105;12,-0.657142817974;3,-0.714285731316;6,-0.714285731316;10,-0.714285731316;30,-0.714285731316;32,-0.714285731316;8,-0.771428585052;27,-0.771428585052;23,-0.885714232922;2,-0.942857146263;9,-0.942857146263;28,-0.942857146263;1,-1.0;4,-1.0;7,-1.0;11,-1.0;13,-1.0;14,-1.0;15,-1.0;16,-1.0;17,-1.0;18,-1.0;19,-1.0;21,-1.0;22,-1.0;24,-1.0;25,-1.0;26,-1.0;29,-1.0;31,-1.0
cannister:1,-0.0;2,-0.0;3,-0.0;4,-0.0;5,-0.0;6,-0.0;7,-0.0;8,-0.0;9,-0.0;10,-0.0;11,-0.0;12,-0.0;13,-0.0;14,-0.0;15,-0.0;16,-0.0;17,-0.0;18,-0.0;19,-0.0;20,-0.0;21,-0.0;22,-0.0;23,-0.0;24,-0.0;25,-0.0;26,-0.0;27,-0.0;28,-0.0;29,-0.0;30,-0.0;31,-0.0;32,-0.0
thin:22,0.137333333492;31,0.116000004113;1,0.108000002801;30,0.105333328247;19,0.102666668594;25,0.0839999988675;10,-0.145333334804;8,-0.233333334327;32,-0.241333320737;18,-0.244000002742;27,-0.244000002742;28,-0.246666654944;21,-0.246666669846;29,-0.246666669846;13,-0.249333336949;14,-0.249333336949;23,-0.252000004053;24,-0.252000004053;9,-0.254666686058;20,-0.254666686058;3,-0.257333338261;7,-0.257333338261;26,-0.257333338261;6,-0.262666672468;2,-0.265333324671;16,-0.265333324671;17,-0.265333324671;4,-0.267999976873;5,-0.267999976873;15,-0.267999976873;11,-0.286666661501;12,-0.289333313704
top:1,-1.0;2,-1.0;3,-1.0;4,-1.0;5,-1.0;6,-1.0;7,-1.0;8,-1.0;9,-1.0;10,-1.0;11,-1.0;12,-1.0;13,-1.0;14,-1.0;15,-1.0;16,-1.0;17,-1.0;18,-1.0;19,-1.0;20,-1.0;21,-1.0;22,-1.0;23,-1.0;24,-1.0;25,-1.0;26,-1.0;27,-1.0;28,-1.0;29,-1.0;30,-1.0;31,-1.0;32,-1.0
small:15,0.0778717026114;23,0.0731807500124;10,0.0674817860126;7,0.0666918605566;13,0.0633928924799;21,0.0633928924799;26,0.0633928924799;29,0.0633928924799;4,0.0600939281285;32,0.0561928935349;27,0.0444696471095;28,0.0367262326181;30,0.0277970246971;24,0.0273727383465;14,0.0226918701082;31,0.0135949645191;2,0.0112050427124;12,0.000607104972005;16,9.39305900829e-05;9,-0.00521924439818;5,-0.0061282957904;19,-0.0094272615388;8,-0.0207748003304;22,-0.0217928960919;25,-0.0225928965956;17,-0.0277182124555;3,-0.0293282903731;20,-0.0383848808706;1,-0.0398071035743;18,-0.0421970188618;11,-0.0482817851007;6,-0.0505727417767
silver:31,0.0692969858646;1,0.00894510746002;11,0.00878561846912;24,-0.00167490541935;22,-0.0261436142027;10,-0.0290423315018;30,-0.0344330854714;12,-0.0549030527472;3,-0.0635414794087;16,-0.0675851628184;19,-0.071692854166;18,-0.0765815228224;25,-0.0821533799171;32,-0.0823355689645;23,-0.0853658616543;20,-0.105755195022;9,-0.108924344182;8,-0.114548198879;5,-0.115961059928;6,-0.130186930299;14,-0.14461812377;17,-0.165720835328;21,-0.166901066899;4,-0.169741973281;7,-0.179116979241;2,-0.183713257313;13,-0.184988170862;29,-0.188113182783;15,-0.191048771143;26,-0.194173783064;28,-0.208050370216;27,-0.218510895967
green:1,1.0;2,1.0;3,1.0;4,1.0;5,1.0;6,1.0;7,1.0;8,1.0;9,1.0;10,1.0;11,1.0;12,1.0;13,1.0;14,1.0;15,1.0;16,1.0;17,1.0;18,1.0;19,1.0;20,1.0;21,1.0;22,1.0;23,1.0;24,1.0;25,1.0;26,1.0;27,1.0;28,1.0;29,1.0;30,1.0;31,1.0;32,1.0
prism:29,-0.777777791023;27,-0.822222232819;28,-0.822222232819;26,-0.866666674614;32,-0.866666674614;15,-0.911111116409;12,-0.955555617809;13,-0.955555617809;14,-0.955555617809;16,-0.955555617809;20,-0.955555617809;21,-0.955555617809;23,-0.955555617809;25,-0.955555617809;30,-0.955555617809;31,-0.955555617809;1,-1.0;2,-1.0;3,-1.0;4,-1.0;5,-1.0;6,-1.0;7,-1.0;8,-1.0;9,-1.0;10,-1.0;11,-1.0;17,-1.0;18,-1.0;19,-1.0;22,-1.0;24,-1.0
short:1,1.0;2,1.0;3,1.0;4,1.0;5,1.0;6,1.0;7,1.0;8,1.0;9,1.0;10,1.0;11,1.0;12,1.0;13,1.0;14,1.0;15,1.0;16,1.0;17,1.0;18,1.0;19,1.0;20,1.0;21,1.0;22,1.0;23,1.0;24,1.0;25,1.0;26,1.0;27,1.0;28,1.0;29,1.0;30,1.0;31,1.0;32,1.0
rattles:1,-0.0;2,-0.0;3,-0.0;4,-0.0;5,-0.0;6,-0.0;7,-0.0;8,-0.0;9,-0.0;10,-0.0;11,-0.0;12,-0.0;13,-0.0;14,-0.0;15,-0.0;16,-0.0;17,-0.0;18,-0.0;19,-0.0;20,-0.0;21,-0.0;22,-0.0;23,-0.0;24,-0.0;25,-0.0;26,-0.0;27,-0.0;28,-0.0;29,-0.0;30,-0.0;31,-0.0;32,-0.0
lid:1,-1.0;2,-1.0;3,-1.0;4,-1.0;5,-1.0;6,-1.0;7,-1.0;8,-1.0;9,-1.0;10,-1.0;11,-1.0;12,-1.0;13,-1.0;14,-1.0;15,-1.0;16,-1.0;17,-1.0;18,-1.0;19,-1.0;20,-1.0;21,-1.0;22,-1.0;23,-1.0;24,-1.0;25,-1.0;26,-1.0;27,-1.0;28,-1.0;29,-1.0;30,-1.0;31,-1.0;32,-1.0
liquid:2,0.045903801918;3,0.045903801918;4,0.045903801918;5,0.045903801918;6,0.045903801918;7,0.045903801918;8,0.045903801918;9,0.045903801918;10,0.045903801918;11,0.045903801918;12,0.045903801918;13,0.045903801918;14,0.045903801918;15,0.045903801918;16,0.045903801918;17,0.045903801918;18,0.045903801918;20,0.045903801918;21,0.045903801918;23,0.045903801918;24,0.045903801918;26,0.045903801918;27,0.045903801918;28,0.045903801918;29,0.045903801918;32,0.045903801918;1,0.0344388335943;19,0.0344388335943;30,0.0344388335943;25,0.0229738652706;22,-0.045903801918;31,-0.045903801918
colored:1,-0.0;2,-0.0;3,-0.0;4,-0.0;5,-0.0;6,-0.0;7,-0.0;8,-0.0;9,-0.0;10,-0.0;11,-0.0;12,-0.0;13,-0.0;14,-0.0;15,-0.0;16,-0.0;17,-0.0;18,-0.0;19,-0.0;20,-0.0;21,-0.0;22,-0.0;23,-0.0;24,-0.0;25,-0.0;26,-0.0;27,-0.0;28,-0.0;29,-0.0;30,-0.0;31,-0.0;32,-0.0
full:1,-0.0;2,-0.0;3,-0.0;4,-0.0;5,-0.0;6,-0.0;7,-0.0;8,-0.0;9,-0.0;10,-0.0;11,-0.0;12,-0.0;13,-0.0;14,-0.0;15,-0.0;16,-0.0;17,-0.0;18,-0.0;19,-0.0;20,-0.0;21,-0.0;22,-0.0;23,-0.0;24,-0.0;25,-0.0;26,-0.0;27,-0.0;28,-0.0;29,-0.0;30,-0.0;31,-0.0;32,-0.0
metal:1,-0.0;2,-0.0;3,-0.0;4,-0.0;5,-0.0;6,-0.0;7,-0.0;8,-0.0;9,-0.0;10,-0.0;11,-0.0;12,-0.0;13,-0.0;14,-0.0;15,-0.0;16,-0.0;17,-0.0;18,-0.0;19,-0.0;20,-0.0;21,-0.0;22,-0.0;23,-0.0;24,-0.0;25,-0.0;26,-0.0;27,-0.0;28,-0.0;29,-0.0;30,-0.0;31,-0.0;32,-0.0
thinking:1,1.0;3,1.0;4,1.0;5,1.0;7,1.0;8,1.0;9,1.0;10,1.0;12,1.0;13,1.0;14,1.0;15,1.0;17,1.0;18,1.0;20,1.0;21,1.0;22,1.0;23,1.0;25,1.0;26,1.0;27,1.0;28,1.0;29,1.0;30,1.0;32,1.0;2,0.949999988079;19,0.949999988079;16,0.850000023842;6,0.800000011921;24,0.800000011921;11,0.75;31,0.75
neon:4,-0.666666686535;8,-0.666666686535;14,-0.666666686535;21,-0.666666686535;31,-0.699999988079;5,-0.833333313465;6,-0.833333313465;20,-0.833333313465;24,-0.833333313465;25,-0.833333313465;29,-0.833333313465;12,-0.866666615009;19,-0.900000035763;18,-0.933333337307;16,-0.966666698456;22,-0.966666698456;1,-1.0;2,-1.0;3,-1.0;7,-1.0;9,-1.0;10,-1.0;11,-1.0;13,-1.0;15,-1.0;17,-1.0;23,-1.0;26,-1.0;27,-1.0;28,-1.0;30,-1.0;32,-1.0
large:8,1.0;17,1.0;18,1.0;19,1.0;20,1.0;6,0.971428573132;16,0.942857205868;25,0.914285719395;31,0.914285719395;23,0.885714232922;13,0.857142865658;24,0.857142865658;22,0.828571438789;3,0.828571379185;30,0.800000071526;5,0.800000011921;10,0.771428585052;11,0.771428525448;14,0.742857098579;12,0.714285731316;9,0.685714304447;1,0.599999964237;21,0.571428596973;2,0.5428571105;32,0.514285743237;29,0.428571432829;27,0.342857152224;26,0.342857122421;4,0.314285725355;28,0.171428576112;7,0.142857149243;15,0.142857149243
pink:1,-1.0;2,-1.0;3,-1.0;4,-1.0;5,-1.0;6,-1.0;7,-1.0;8,-1.0;9,-1.0;10,-1.0;11,-1.0;12,-1.0;13,-1.0;14,-1.0;15,-1.0;16,-1.0;17,-1.0;18,-1.0;19,-1.0;20,-1.0;21,-1.0;22,-1.0;23,-1.0;24,-1.0;25,-1.0;26,-1.0;27,-1.0;28,-1.0;29,-1.0;30,-1.0;31,-1.0;32,-1.0
pointed:1,-0.0;2,-0.0;3,-0.0;4,-0.0;5,-0.0;6,-0.0;7,-0.0;8,-0.0;9,-0.0;10,-0.0;11,-0.0;12,-0.0;13,-0.0;14,-0.0;15,-0.0;16,-0.0;17,-0.0;18,-0.0;19,-0.0;20,-0.0;21,-0.0;22,-0.0;23,-0.0;24,-0.0;25,-0.0;26,-0.0;27,-0.0;28,-0.0;29,-0.0;30,-0.0;31,-0.0;32,-0.0
purple:15,1.0;18,1.0;19,1.0;25,1.0;12,0.600000023842;5,-0.199999988079;6,-0.199999988079;14,-0.600000023842;1,-1.0;2,-1.0;3,-1.0;4,-1.0;7,-1.0;8,-1.0;9,-1.0;10,-1.0;11,-1.0;13,-1.0;16,-1.0;17,-1.0;20,-1.0;21,-1.0;22,-1.0;23,-1.0;24,-1.0;26,-1.0;27,-1.0;28,-1.0;29,-1.0;30,-1.0;31,-1.0;32,-1.0
crayon:20,0.0724047198892;12,0.0597063116729;5,0.0239198710769;24,0.0187250655144;3,0.0130209699273;11,0.0130209699273;30,0.00303879124112;6,0.00188439094927;31,-0.0175706595182;32,-0.0212036315352;29,-0.0283337589353;4,-0.0354638807476;15,-0.0354638807476;8,-0.0372633934021;14,-0.0372633934021;2,-0.0481622964144;16,-0.0481622964144;19,-0.0481622964144;10,-0.0597063116729;13,-0.0597063116729;21,-0.0597063116729;25,-0.0597063116729;26,-0.0597063116729;1,-0.0724047198892;17,-0.0724047198892;22,-0.0724047198892;7,-0.0839487314224;18,-0.0839487314224;23,-0.0839487314224;28,-0.0839487314224;27,-0.109345555305;9,-0.115694761276
someting:1,-0.0;2,-0.0;3,-0.0;4,-0.0;5,-0.0;6,-0.0;7,-0.0;8,-0.0;9,-0.0;10,-0.0;11,-0.0;12,-0.0;13,-0.0;14,-0.0;15,-0.0;16,-0.0;17,-0.0;18,-0.0;19,-0.0;20,-0.0;21,-0.0;22,-0.0;23,-0.0;24,-0.0;25,-0.0;26,-0.0;27,-0.0;28,-0.0;29,-0.0;30,-0.0;31,-0.0;32,-0.0
tiny:1,-0.0;2,-0.0;3,-0.0;4,-0.0;5,-0.0;6,-0.0;7,-0.0;8,-0.0;9,-0.0;10,-0.0;11,-0.0;12,-0.0;13,-0.0;14,-0.0;15,-0.0;16,-0.0;17,-0.0;18,-0.0;19,-0.0;20,-0.0;21,-0.0;22,-0.0;23,-0.0;24,-0.0;25,-0.0;26,-0.0;27,-0.0;28,-0.0;29,-0.0;30,-0.0;31,-0.0;32,-0.0
inside:1,-0.0;2,-0.0;3,-0.0;4,-0.0;5,-0.0;6,-0.0;7,-0.0;8,-0.0;9,-0.0;10,-0.0;11,-0.0;12,-0.0;13,-0.0;14,-0.0;15,-0.0;16,-0.0;17,-0.0;18,-0.0;19,-0.0;20,-0.0;21,-0.0;22,-0.0;23,-0.0;24,-0.0;25,-0.0;26,-0.0;27,-0.0;28,-0.0;29,-0.0;30,-0.0;31,-0.0;32,-0.0
hollow:1,-0.0;2,-0.0;3,-0.0;4,-0.0;5,-0.0;6,-0.0;7,-0.0;8,-0.0;9,-0.0;10,-0.0;11,-0.0;12,-0.0;13,-0.0;14,-0.0;15,-0.0;16,-0.0;17,-0.0;18,-0.0;19,-0.0;20,-0.0;21,-0.0;22,-0.0;23,-0.0;24,-0.0;25,-0.0;26,-0.0;27,-0.0;28,-0.0;29,-0.0;30,-0.0;31,-0.0;32,-0.0
paper:1,-0.0;2,-0.0;3,-0.0;4,-0.0;5,-0.0;6,-0.0;7,-0.0;8,-0.0;9,-0.0;10,-0.0;11,-0.0;12,-0.0;13,-0.0;14,-0.0;15,-0.0;16,-0.0;17,-0.0;18,-0.0;19,-0.0;20,-0.0;21,-0.0;22,-0.0;23,-0.0;24,-0.0;25,-0.0;26,-0.0;27,-0.0;28,-0.0;29,-0.0;30,-0.0;31,-0.0;32,-0.0
roll:1,-0.0;2,-0.0;3,-0.0;4,-0.0;5,-0.0;6,-0.0;7,-0.0;8,-0.0;9,-0.0;10,-0.0;11,-0.0;12,-0.0;13,-0.0;14,-0.0;15,-0.0;16,-0.0;17,-0.0;18,-0.0;19,-0.0;20,-0.0;21,-0.0;22,-0.0;23,-0.0;24,-0.0;25,-0.0;26,-0.0;27,-0.0;28,-0.0;29,-0.0;30,-0.0;31,-0.0;32,-0.0
pointy:1,-0.0;2,-0.0;3,-0.0;4,-0.0;5,-0.0;6,-0.0;7,-0.0;8,-0.0;9,-0.0;10,-0.0;11,-0.0;12,-0.0;13,-0.0;14,-0.0;15,-0.0;16,-0.0;17,-0.0;18,-0.0;19,-0.0;20,-0.0;21,-0.0;22,-0.0;23,-0.0;24,-0.0;25,-0.0;26,-0.0;27,-0.0;28,-0.0;29,-0.0;30,-0.0;31,-0.0;32,-0.0
squishy:1,-0.0;2,-0.0;3,-0.0;4,-0.0;5,-0.0;6,-0.0;7,-0.0;8,-0.0;9,-0.0;10,-0.0;11,-0.0;12,-0.0;13,-0.0;14,-0.0;15,-0.0;16,-0.0;17,-0.0;18,-0.0;19,-0.0;20,-0.0;21,-0.0;22,-0.0;23,-0.0;24,-0.0;25,-0.0;26,-0.0;27,-0.0;28,-0.0;29,-0.0;30,-0.0;31,-0.0;32,-0.0
skinny:1,-0.0;2,-0.0;3,-0.0;4,-0.0;5,-0.0;6,-0.0;7,-0.0;8,-0.0;9,-0.0;10,-0.0;11,-0.0;12,-0.0;13,-0.0;14,-0.0;15,-0.0;16,-0.0;17,-0.0;18,-0.0;19,-0.0;20,-0.0;21,-0.0;22,-0.0;23,-0.0;24,-0.0;25,-0.0;26,-0.0;27,-0.0;28,-0.0;29,-0.0;30,-0.0;31,-0.0;32,-0.0
curvy:1,-0.0;2,-0.0;3,-0.0;4,-0.0;5,-0.0;6,-0.0;7,-0.0;8,-0.0;9,-0.0;10,-0.0;11,-0.0;12,-0.0;13,-0.0;14,-0.0;15,-0.0;16,-0.0;17,-0.0;18,-0.0;19,-0.0;20,-0.0;21,-0.0;22,-0.0;23,-0.0;24,-0.0;25,-0.0;26,-0.0;27,-0.0;28,-0.0;29,-0.0;30,-0.0;31,-0.0;32,-0.0
tube:1,1.0;2,1.0;3,1.0;4,1.0;5,1.0;6,1.0;7,1.0;8,1.0;9,1.0;10,1.0;11,1.0;12,1.0;13,1.0;14,1.0;15,1.0;16,1.0;17,1.0;18,1.0;19,1.0;20,1.0;21,1.0;22,1.0;24,1.0;25,1.0;26,1.0;27,1.0;28,1.0;29,1.0;30,1.0;31,1.0;32,1.0;23,0.942857146263
shiny:1,1.0;3,1.0;8,1.0;9,1.0;14,0.963636398315;2,0.927272737026;17,0.927272737026;18,0.890909135342;19,0.890909135342;11,0.854545414448;12,0.854545414448;16,0.854545414448;10,0.818181812763;20,0.818181812763;22,0.818181812763;23,0.818181812763;31,0.818181812763;32,0.818181812763;27,0.818181753159;30,0.781818211079;5,0.745454549789;6,0.7090908885;21,0.672727286816;4,0.672727227211;13,0.636363625526;24,0.636363625526;26,0.636363625526;7,0.636363565922;25,0.599999964237;29,0.527272701263;28,0.454545468092;15,0.418181806803
sphere:1,-0.0;2,-0.0;3,-0.0;4,-0.0;5,-0.0;6,-0.0;7,-0.0;8,-0.0;9,-0.0;10,-0.0;11,-0.0;12,-0.0;13,-0.0;14,-0.0;15,-0.0;16,-0.0;17,-0.0;18,-0.0;19,-0.0;20,-0.0;21,-0.0;22,-0.0;23,-0.0;24,-0.0;25,-0.0;26,-0.0;27,-0.0;28,-0.0;29,-0.0;30,-0.0;31,-0.0;32,-0.0
pictures:1,-0.0;2,-0.0;3,-0.0;4,-0.0;5,-0.0;6,-0.0;7,-0.0;8,-0.0;9,-0.0;10,-0.0;11,-0.0;12,-0.0;13,-0.0;14,-0.0;15,-0.0;16,-0.0;17,-0.0;18,-0.0;19,-0.0;20,-0.0;21,-0.0;22,-0.0;23,-0.0;24,-0.0;25,-0.0;26,-0.0;27,-0.0;28,-0.0;29,-0.0;30,-0.0;31,-0.0;32,-0.0
foamy:1,-0.0;2,-0.0;3,-0.0;4,-0.0;5,-0.0;6,-0.0;7,-0.0;8,-0.0;9,-0.0;10,-0.0;11,-0.0;12,-0.0;13,-0.0;14,-0.0;15,-0.0;16,-0.0;17,-0.0;18,-0.0;19,-0.0;20,-0.0;21,-0.0;22,-0.0;23,-0.0;24,-0.0;25,-0.0;26,-0.0;27,-0.0;28,-0.0;29,-0.0;30,-0.0;31,-0.0;32,-0.0
describing:1,-0.0;2,-0.0;3,-0.0;4,-0.0;5,-0.0;6,-0.0;7,-0.0;8,-0.0;9,-0.0;10,-0.0;11,-0.0;12,-0.0;13,-0.0;14,-0.0;15,-0.0;16,-0.0;17,-0.0;18,-0.0;19,-0.0;20,-0.0;21,-0.0;22,-0.0;23,-0.0;24,-0.0;25,-0.0;26,-0.0;27,-0.0;28,-0.0;29,-0.0;30,-0.0;31,-0.0;32,-0.0
closed:1,-0.0;2,-0.0;3,-0.0;4,-0.0;5,-0.0;6,-0.0;7,-0.0;8,-0.0;9,-0.0;10,-0.0;11,-0.0;12,-0.0;13,-0.0;14,-0.0;15,-0.0;16,-0.0;17,-0.0;18,-0.0;19,-0.0;20,-0.0;21,-0.0;22,-0.0;23,-0.0;24,-0.0;25,-0.0;26,-0.0;27,-0.0;28,-0.0;29,-0.0;30,-0.0;31,-0.0;32,-0.0
cream-colored:1,-0.0;2,-0.0;3,-0.0;4,-0.0;5,-0.0;6,-0.0;7,-0.0;8,-0.0;9,-0.0;10,-0.0;11,-0.0;12,-0.0;13,-0.0;14,-0.0;15,-0.0;16,-0.0;17,-0.0;18,-0.0;19,-0.0;20,-0.0;21,-0.0;22,-0.0;23,-0.0;24,-0.0;25,-0.0;26,-0.0;27,-0.0;28,-0.0;29,-0.0;30,-0.0;31,-0.0;32,-0.0
text:1,-0.0;2,-0.0;3,-0.0;4,-0.0;5,-0.0;6,-0.0;7,-0.0;8,-0.0;9,-0.0;10,-0.0;11,-0.0;12,-0.0;13,-0.0;14,-0.0;15,-0.0;16,-0.0;17,-0.0;18,-0.0;19,-0.0;20,-0.0;21,-0.0;22,-0.0;23,-0.0;24,-0.0;25,-0.0;26,-0.0;27,-0.0;28,-0.0;29,-0.0;30,-0.0;31,-0.0;32,-0.0
